# Time Energy
0.000000000000000000e+00 1.249934083260356016e-01
1.406250000000000035e-02 1.249868167337875313e-01
2.812500000000000069e-02 1.249802249461346160e-01
4.218750000000000278e-02 1.249736326916127682e-01
5.625000000000000139e-02 1.249670396987262733e-01
7.031250000000000000e-02 1.249604456958994109e-01
8.437500000000000555e-02 1.249538504114277998e-01
9.843749999999999722e-02 1.249472535734303252e-01
1.125000000000000028e-01 1.249406549098010244e-01
1.265624999999999944e-01 1.249340541481610972e-01
1.406250000000000000e-01 1.249274510158111112e-01
1.546875000000000056e-01 1.249208452396834146e-01
1.687500000000000111e-01 1.249142365462947712e-01
1.828125000000000167e-01 1.249076246616992319e-01
1.968749999999999944e-01 1.249010093114411579e-01
2.109375000000000000e-01 1.248943902205084250e-01
2.250000000000000056e-01 1.248877671132860162e-01
2.390625000000000111e-01 1.248811397135099199e-01
2.531249999999999889e-01 1.248745077442209445e-01
2.671875000000000222e-01 1.248678709277193655e-01
2.812500000000000000e-01 1.248612289855191848e-01
2.953125000000000333e-01 1.248545816383033330e-01
3.093750000000000111e-01 1.248479286058788162e-01
3.234374999999999889e-01 1.248412696071320438e-01
3.375000000000000222e-01 1.248346043599850852e-01
3.515625000000000000e-01 1.248279325813512752e-01
3.656250000000000333e-01 1.248212539870922205e-01
3.796875000000000111e-01 1.248145682919744592e-01
3.937499999999999889e-01 1.248078752096263427e-01
4.078125000000000222e-01 1.248011744524960692e-01
4.218750000000000000e-01 1.247944657318091899e-01
4.359375000000000333e-01 1.247877487575268507e-01
4.500000000000000111e-01 1.247810232383044643e-01
4.640624999999999889e-01 1.247742888814506734e-01
4.781250000000000222e-01 1.247675453928863837e-01
4.921875000000000000e-01 1.247607924771047538e-01
5.062499999999999778e-01 1.247540298371309780e-01
5.203125000000000666e-01 1.247472571744825676e-01
5.343750000000000444e-01 1.247404741891303126e-01
5.484375000000000222e-01 1.247336805794592024e-01
5.625000000000000000e-01 1.247268760422298728e-01
5.765624999999999778e-01 1.247200602725403867e-01
5.906250000000000666e-01 1.247132329637883896e-01
6.046875000000000444e-01 1.247063938076336115e-01
6.187500000000000222e-01 1.246995424939605357e-01
6.328125000000000000e-01 1.246926787108418866e-01
6.468749999999999778e-01 1.246858021445016174e-01
6.609375000000000666e-01 1.246789124792792580e-01
6.750000000000000444e-01 1.246720093975937499e-01
6.890625000000000222e-01 1.246650925799079879e-01
7.031250000000000000e-01 1.246581617046936125e-01
7.171874999999999778e-01 1.246512164483959961e-01
7.312500000000000666e-01 1.246442564853999235e-01
7.453125000000000444e-01 1.246372814879947305e-01
7.593750000000000222e-01 1.246302911263408586e-01
7.734375000000000000e-01 1.246232850684356741e-01
7.874999999999999778e-01 1.246162629800801336e-01
8.015625000000000666e-01 1.246092245248455049e-01
8.156250000000000444e-01 1.246021693640404493e-01
8.296875000000000222e-01 1.245950971566782695e-01
8.437500000000000000e-01 1.245880075594443248e-01
8.578124999999999778e-01 1.245809002266639043e-01
8.718750000000000666e-01 1.245737748102701270e-01
8.859375000000000444e-01 1.245666309597721205e-01
9.000000000000000222e-01 1.245594683222234766e-01
9.140625000000000000e-01 1.245522865421906517e-01
9.281249999999999778e-01 1.245450852617219911e-01
9.421875000000000666e-01 1.245378641203164771e-01
9.562500000000000444e-01 1.245306227548930167e-01
9.703125000000000222e-01 1.245233607997596470e-01
9.843750000000000000e-01 1.245160778865831708e-01
9.984374999999999778e-01 1.245087736443584586e-01
1.012499999999999956e+00 1.245014476993786534e-01
1.026562500000000044e+00 1.244940996752048473e-01
1.040625000000000133e+00 1.244867291926361197e-01
1.054687500000000000e+00 1.244793358696798941e-01
1.068750000000000089e+00 1.244719193215220315e-01
1.082812499999999956e+00 1.244644791604975903e-01
1.096875000000000044e+00 1.244570149960610161e-01
1.110937500000000133e+00 1.244495264347572905e-01
1.125000000000000000e+00 1.244420130801923152e-01
1.139062500000000089e+00 1.244344745330040192e-01
1.153124999999999956e+00 1.244269103908333257e-01
1.167187500000000044e+00 1.244193202482952870e-01
1.181250000000000133e+00 1.244117036969502599e-01
1.195312500000000000e+00 1.244040603252753313e-01
1.209375000000000089e+00 1.243963897186356748e-01
1.223437499999999956e+00 1.243886914592559484e-01
1.237500000000000044e+00 1.243809651261922750e-01
1.251562500000000133e+00 1.243732102953036683e-01
1.265625000000000000e+00 1.243654265392239305e-01
1.279687500000000089e+00 1.243576134273337019e-01
1.293749999999999956e+00 1.243497705257324282e-01
1.307812500000000044e+00 1.243418973972106045e-01
1.321875000000000133e+00 1.243339936012219649e-01
1.335937500000000000e+00 1.243260586938560730e-01
1.350000000000000089e+00 1.243180922278106504e-01
1.364062499999999956e+00 1.243100937523643895e-01
1.378125000000000044e+00 1.243020628133498090e-01
1.392187500000000133e+00 1.242939989531259698e-01
1.406250000000000000e+00 1.242859017105518438e-01
1.420312500000000089e+00 1.242777706209595157e-01
1.434374999999999956e+00 1.242696052161274822e-01
1.448437500000000044e+00 1.242614050242544094e-01
1.462500000000000133e+00 1.242531695699328198e-01
1.476562500000000000e+00 1.242448983741232804e-01
1.490625000000000089e+00 1.242365909541282426e-01
1.504687499999999956e+00 1.242282468235667986e-01
1.518750000000000044e+00 1.242198654923490075e-01
1.532812500000000133e+00 1.242114464666509988e-01
1.546875000000000000e+00 1.242029892488898807e-01
1.560937500000000089e+00 1.241944933376992743e-01
1.574999999999999956e+00 1.241859582279045554e-01
1.589062500000000044e+00 1.241773834104993868e-01
1.603125000000000133e+00 1.241687683726212105e-01
1.617187500000000000e+00 1.241601125975282521e-01
1.631250000000000089e+00 1.241514155645758455e-01
1.645312499999999956e+00 1.241426767491941308e-01
1.659375000000000044e+00 1.241338956228649620e-01
1.673437500000000133e+00 1.241250716530998555e-01
1.687500000000000000e+00 1.241162043034183815e-01
1.701562500000000089e+00 1.241072930333263769e-01
1.715624999999999956e+00 1.240983372982949751e-01
1.729687500000000044e+00 1.240893365497399425e-01
1.743750000000000133e+00 1.240802902350013476e-01
1.757812500000000000e+00 1.240711977973235347e-01
1.771875000000000089e+00 1.240620586758358485e-01
1.785937499999999956e+00 1.240528723055334820e-01
1.800000000000000044e+00 1.240436381172588254e-01
1.814062500000000133e+00 1.240343555376834384e-01
1.828125000000000000e+00 1.240250239892903006e-01
1.842187500000000089e+00 1.240156428903565755e-01
1.856249999999999956e+00 1.240062116549367349e-01
1.870312500000000044e+00 1.239967296928464191e-01
1.884375000000000133e+00 1.239871964096466439e-01
1.898437500000000000e+00 1.239776112066282854e-01
1.912500000000000089e+00 1.239679734807973693e-01
1.926562499999999956e+00 1.239582826248606245e-01
1.940625000000000044e+00 1.239485380272116744e-01
1.954687500000000133e+00 1.239387390719175613e-01
1.968750000000000000e+00 1.239288851387057994e-01
1.982812500000000089e+00 1.239189756029520223e-01
1.996874999999999956e+00 1.239090098356677994e-01
2.010937500000000266e+00 1.238989872034891165e-01
2.024999999999999911e+00 1.238889070686653993e-01
2.039062500000000000e+00 1.238787687890486322e-01
2.053125000000000089e+00 1.238685717180830065e-01
2.067187500000000178e+00 1.238583152047951635e-01
2.081250000000000266e+00 1.238479985937843975e-01
2.095312499999999911e+00 1.238376212252133984e-01
2.109375000000000000e+00 1.238271824347993155e-01
2.123437500000000089e+00 1.238166815538048610e-01
2.137500000000000178e+00 1.238061179090297614e-01
2.151562500000000266e+00 1.237954908228022788e-01
2.165624999999999911e+00 1.237847996129708694e-01
2.179687500000000000e+00 1.237740435928957328e-01
2.193750000000000089e+00 1.237632220714403875e-01
2.207812500000000178e+00 1.237523343529630671e-01
2.221875000000000266e+00 1.237413797373080326e-01
2.235937499999999911e+00 1.237303575197962746e-01
2.250000000000000000e+00 1.237192669912161452e-01
2.264062500000000089e+00 1.237081074378130474e-01
2.278125000000000178e+00 1.236968781412787211e-01
2.292187500000000266e+00 1.236855783787398494e-01
2.306249999999999911e+00 1.236742074227452359e-01
2.320312500000000000e+00 1.236627645412523846e-01
2.334375000000000089e+00 1.236512489976126089e-01
2.348437500000000178e+00 1.236396600505543786e-01
2.362500000000000266e+00 1.236279969541656115e-01
2.376562499999999911e+00 1.236162589578736065e-01
2.390625000000000000e+00 1.236044453064230331e-01
2.404687500000000089e+00 1.235925552398516036e-01
2.418750000000000178e+00 1.235805879934633034e-01
2.432812500000000266e+00 1.235685427977983308e-01
2.446874999999999911e+00 1.235564188786004436e-01
2.460937500000000000e+00 1.235442154567804041e-01
2.475000000000000089e+00 1.235319317483758034e-01
2.489062500000000178e+00 1.235195669645069577e-01
2.503125000000000266e+00 1.235071203113280031e-01
2.517187499999999911e+00 1.234945909899733685e-01
2.531250000000000000e+00 1.234819781964988511e-01
2.545312500000000089e+00 1.234692811218172925e-01
2.559375000000000178e+00 1.234564989516277467e-01
2.573437500000000266e+00 1.234436308663384302e-01
2.587499999999999911e+00 1.234306760409824150e-01
2.601562500000000000e+00 1.234176336451260347e-01
2.615625000000000089e+00 1.234045028427689372e-01
2.629687500000000178e+00 1.233912827922355460e-01
2.643750000000000266e+00 1.233779726460576542e-01
2.657812499999999911e+00 1.233645715508469576e-01
2.671875000000000000e+00 1.233510786471570808e-01
2.685937500000000089e+00 1.233374930693349331e-01
2.700000000000000178e+00 1.233238139453598087e-01
2.714062500000000266e+00 1.233100403966707337e-01
2.728124999999999911e+00 1.232961715379801010e-01
2.742187500000000000e+00 1.232822064770736359e-01
2.756250000000000089e+00 1.232681443145955263e-01
2.770312500000000178e+00 1.232539841438183431e-01
2.784375000000000266e+00 1.232397250503960706e-01
2.798437499999999911e+00 1.232253661121004984e-01
2.812500000000000000e+00 1.232109063985388775e-01
2.826562500000000089e+00 1.231963449708528557e-01
2.840625000000000178e+00 1.231816808813971376e-01
2.854687500000000266e+00 1.231669131733967443e-01
2.868749999999999911e+00 1.231520408805826805e-01
2.882812500000000000e+00 1.231370630268035227e-01
2.896875000000000089e+00 1.231219786256129850e-01
2.910937500000000178e+00 1.231067866798316590e-01
2.925000000000000266e+00 1.230914861810818162e-01
2.939062499999999911e+00 1.230760761092937333e-01
2.953125000000000000e+00 1.230605554321826528e-01
2.967187500000000089e+00 1.230449231046948366e-01
2.981250000000000178e+00 1.230291780684205499e-01
2.995312500000000266e+00 1.230133192509737516e-01
3.009374999999999911e+00 1.229973455653359804e-01
3.023437500000000000e+00 1.229812559091628399e-01
3.037500000000000089e+00 1.229650491640522092e-01
3.051562500000000178e+00 1.229487241947715137e-01
3.065625000000000266e+00 1.229322798484432100e-01
3.079687499999999911e+00 1.229157149536862920e-01
3.093750000000000000e+00 1.228990283197118893e-01
3.107812500000000089e+00 1.228822187353722090e-01
3.121875000000000178e+00 1.228652849681597797e-01
3.135937500000000266e+00 1.228482257631563351e-01
3.149999999999999911e+00 1.228310398419290989e-01
3.164062500000000000e+00 1.228137259013730859e-01
3.178125000000000089e+00 1.227962826124975593e-01
3.192187500000000178e+00 1.227787086191550331e-01
3.206250000000000266e+00 1.227610025367114471e-01
3.220312499999999911e+00 1.227431629506557376e-01
3.234375000000000000e+00 1.227251884151469713e-01
3.248437500000000089e+00 1.227070774514981144e-01
3.262500000000000178e+00 1.226888285465944223e-01
3.276562500000000266e+00 1.226704401512453274e-01
3.290624999999999911e+00 1.226519106784687008e-01
3.304687500000000000e+00 1.226332385017065707e-01
3.318750000000000089e+00 1.226144219529716056e-01
3.332812500000000178e+00 1.225954593209241383e-01
3.346875000000000266e+00 1.225763488488810643e-01
3.360937499999999911e+00 1.225570887327565445e-01
3.375000000000000000e+00 1.225376771189378711e-01
3.389062500000000089e+00 1.225181121020993136e-01
3.403125000000000178e+00 1.224983917229584829e-01
3.417187500000000266e+00 1.224785139659808481e-01
3.431249999999999911e+00 1.224584767570407740e-01
3.445312500000000000e+00 1.224382779610467958e-01
3.459375000000000089e+00 1.224179153795434544e-01
3.473437500000000178e+00 1.223973867483008487e-01
3.487500000000000266e+00 1.223766897349073263e-01
3.501562499999999911e+00 1.223558219363805044e-01
3.515625000000000000e+00 1.223347808768151385e-01
3.529687500000000089e+00 1.223135640050858619e-01
3.543750000000000178e+00 1.222921686926262685e-01
3.557812500000000266e+00 1.222705922313052501e-01
3.571874999999999911e+00 1.222488318314228495e-01
3.585937500000000000e+00 1.222268846198493880e-01
3.600000000000000089e+00 1.222047476383300857e-01
3.614062500000000178e+00 1.221824178419792517e-01
3.628125000000000266e+00 1.221598920979863750e-01
3.642187499999999911e+00 1.221371671845564721e-01
3.656250000000000000e+00 1.221142397901055082e-01
3.670312500000000089e+00 1.220911065127295442e-01
3.684375000000000178e+00 1.220677638599651227e-01
3.698437500000000266e+00 1.220442082488543967e-01
3.712499999999999911e+00 1.220204360063263105e-01
3.726562500000000000e+00 1.219964433699003425e-01
3.740625000000000089e+00 1.219722264887166813e-01
3.754687500000000178e+00 1.219477814248910857e-01
3.768750000000000266e+00 1.219231041551893102e-01
3.782812499999999911e+00 1.218981905730122106e-01
3.796875000000000000e+00 1.218730364906780717e-01
3.810937500000000089e+00 1.218476376419867779e-01
3.825000000000000178e+00 1.218219896850478989e-01
3.839062500000000266e+00 1.217960882053524818e-01
3.853124999999999911e+00 1.217699287190678603e-01
3.867187500000000000e+00 1.217435066765343438e-01
3.881250000000000089e+00 1.217168174659412488e-01
3.895312500000000178e+00 1.216898564171605690e-01
3.909375000000000266e+00 1.216626188057155222e-01
3.923437499999999911e+00 1.216350998568622860e-01
3.937500000000000000e+00 1.216072947497641998e-01
3.951562500000000089e+00 1.215791986217407555e-01
3.965625000000000178e+00 1.215508065725807163e-01
3.979687500000000266e+00 1.215221136689176584e-01
3.993749999999999911e+00 1.214931149486820905e-01
4.007812500000000000e+00 1.214638054256633876e-01
4.021875000000000533e+00 1.214341800942378147e-01
4.035937500000000178e+00 1.214042339343441718e-01
4.049999999999999822e+00 1.213739619168092698e-01
4.064062500000000355e+00 1.213433590091398673e-01
4.078125000000000000e+00 1.213124201818963771e-01
4.092187500000000533e+00 1.212811404157424222e-01
4.106250000000000178e+00 1.212495147092182701e-01
4.120312499999999822e+00 1.212175380872135694e-01
4.134375000000000355e+00 1.211852056100192199e-01
4.148437500000000000e+00 1.211525123827298656e-01
4.162500000000000533e+00 1.211194535646624160e-01
4.176562500000000178e+00 1.210860243783723339e-01
4.190624999999999822e+00 1.210522201178137747e-01
4.204687500000000355e+00 1.210180361552206652e-01
4.218750000000000000e+00 1.209834679463986096e-01
4.232812500000000533e+00 1.209485110343103270e-01
4.246875000000000178e+00 1.209131610510933708e-01
4.260937499999999822e+00 1.208774137189304876e-01
4.275000000000000355e+00 1.208412648504470777e-01
4.289062500000000000e+00 1.208047103494845342e-01
4.303125000000000533e+00 1.207677462131384882e-01
4.317187500000000178e+00 1.207303685358360745e-01
4.331249999999999822e+00 1.206925735159595225e-01
4.345312500000000355e+00 1.206543574651500750e-01
4.359375000000000000e+00 1.206157168200132496e-01
4.373437500000000533e+00 1.205766481555758940e-01
4.387500000000000178e+00 1.205371481995878846e-01
4.401562499999999822e+00 1.204972138466512827e-01
4.415625000000000355e+00 1.204568421712019916e-01
4.429687500000000000e+00 1.204160304385279157e-01
4.443750000000000533e+00 1.203747761132319127e-01
4.457812500000000178e+00 1.203330768647987020e-01
4.471874999999999822e+00 1.202909305701783116e-01
4.485937500000000355e+00 1.202483353135599953e-01
4.500000000000000000e+00 1.202052893837893682e-01
4.514062500000000533e+00 1.201617912701725133e-01
4.528125000000000178e+00 1.201178396576663560e-01
4.542187499999999822e+00 1.200734334225936617e-01
4.556250000000000355e+00 1.200285716299535621e-01
4.570312500000000000e+00 1.199832535330643823e-01
4.584375000000000533e+00 1.199374785757061496e-01
4.598437500000000178e+00 1.198912463962418518e-01
4.612499999999999822e+00 1.198445568325844368e-01
4.626562500000000355e+00 1.197974099265248366e-01
4.640625000000000000e+00 1.197498059259616970e-01
4.654687500000000533e+00 1.197017452839651275e-01
4.668750000000000178e+00 1.196532286542498491e-01
4.682812499999999822e+00 1.196042568833546593e-01
4.696875000000000355e+00 1.195548310004628939e-01
4.710937500000000000e+00 1.195049522062447689e-01
4.725000000000000533e+00 1.194546218622994510e-01
4.739062500000000178e+00 1.194038414827407468e-01
4.753124999999999822e+00 1.193526127292599270e-01
4.767187500000000355e+00 1.193009374106993453e-01
4.781250000000000000e+00 1.192488174878042345e-01
4.795312500000000533e+00 1.191962550833289003e-01
4.809375000000000178e+00 1.191432524969358447e-01
4.823437499999999822e+00 1.190898122233124135e-01
4.837500000000000355e+00 1.190359369708470644e-01
4.851562500000000000e+00 1.189816296774725557e-01
4.865625000000000533e+00 1.189268935203411925e-01
4.879687500000000178e+00 1.188717319169847741e-01
4.893749999999999822e+00 1.188161485172655740e-01
4.907812500000000355e+00 1.187601471871939512e-01
4.921875000000000000e+00 1.187037319870539454e-01
4.935937500000000533e+00 1.186469071469666708e-01
4.950000000000000178e+00 1.185896770429843705e-01
4.964062499999999822e+00 1.185320461761235206e-01
4.978125000000000355e+00 1.184740191555192224e-01
4.992187500000000000e+00 1.184156006853387122e-01
5.006250000000000533e+00 1.183567955536040384e-01
5.020312500000000178e+00 1.182976086201096844e-01
5.034374999999999822e+00 1.182380448005295737e-01
5.048437500000000355e+00 1.181781090446701044e-01
5.062500000000000000e+00 1.181178063084054181e-01
5.076562500000000533e+00 1.180571415207011393e-01
5.090625000000000178e+00 1.179961195487987946e-01
5.104687499999999822e+00 1.179347451656697077e-01
5.118750000000000355e+00 1.178730230239884713e-01
5.132812500000000000e+00 1.178109576401039499e-01
5.146875000000000533e+00 1.177485533900243103e-01
5.160937500000000178e+00 1.176858145176728904e-01
5.174999999999999822e+00 1.176227451540077240e-01
5.189062500000000355e+00 1.175593493443016085e-01
5.203125000000000000e+00 1.174956310800688575e-01
5.217187500000000533e+00 1.174315943317963962e-01
5.231250000000000178e+00 1.173672430787447429e-01
5.245312499999999822e+00 1.173025813325429684e-01
5.259375000000000355e+00 1.172376131520304343e-01
5.273437500000000000e+00 1.171723426476794089e-01
5.287500000000000533e+00 1.171067739748670039e-01
5.301562500000000178e+00 1.170409113161417491e-01
5.315624999999999822e+00 1.169747588533735505e-01
5.329687500000000355e+00 1.169083207312313077e-01
5.343750000000000000e+00 1.168416010137789951e-01
5.357812500000000533e+00 1.167746036361396456e-01
5.371875000000000178e+00 1.167073323531819251e-01
5.385937499999999822e+00 1.166397906870981771e-01
5.400000000000000355e+00 1.165719818756275478e-01
5.414062500000000000e+00 1.165039088225851560e-01
5.428125000000000533e+00 1.164355740522835386e-01
5.442187500000000178e+00 1.163669796693187208e-01
5.456249999999999822e+00 1.162981273249319991e-01
5.470312500000000355e+00 1.162290181906954767e-01
5.484375000000000000e+00 1.161596529396328736e-01
5.498437500000000533e+00 1.160900317342146992e-01
5.512500000000000178e+00 1.160201542201096392e-01
5.526562499999999822e+00 1.159500195242181703e-01
5.540625000000000355e+00 1.158796262553512119e-01
5.554687500000000000e+00 1.158089725059306824e-01
5.568750000000000533e+00 1.157380558533402104e-01
5.582812500000000178e+00 1.156668733601947385e-01
5.596874999999999822e+00 1.155954215739277008e-01
5.610937500000000355e+00 1.155236965275481531e-01
5.625000000000000000e+00 1.154516937446588426e-01
5.639062500000000533e+00 1.153794082521065606e-01
5.653125000000000178e+00 1.153068346024681834e-01
5.667187499999999822e+00 1.152339669062130700e-01
5.681250000000000355e+00 1.151607988709861530e-01
5.695312500000000000e+00 1.150873238445896118e-01
5.709375000000000533e+00 1.150135348598586571e-01
5.723437500000000178e+00 1.149394246831505484e-01
5.737499999999999822e+00 1.148649858714441280e-01
5.751562500000000355e+00 1.147902108434691176e-01
5.765625000000000000e+00 1.147150919665068242e-01
5.779687500000000533e+00 1.146396216536323537e-01
5.793750000000000178e+00 1.145637924594444246e-01
5.807812499999999822e+00 1.144875971593976721e-01
5.821875000000000355e+00 1.144110288005992515e-01
5.835937500000000000e+00 1.143340807193967135e-01
5.850000000000000533e+00 1.142567465300645402e-01
5.864062500000000178e+00 1.141790200958056334e-01
5.878124999999999822e+00 1.141008954960027744e-01
5.892187500000000355e+00 1.140223670021925650e-01
5.906250000000000000e+00 1.139434290710955866e-01
5.920312500000000533e+00 1.138640763579456955e-01
5.934375000000000178e+00 1.137843037483783626e-01
5.948437499999999822e+00 1.137041064026282078e-01
5.962500000000000355e+00 1.136234798020166192e-01
5.976562500000000000e+00 1.135424197853569794e-01
5.990625000000000533e+00 1.134609225630004992e-01
6.004687500000000178e+00 1.133789846996077766e-01
6.018749999999999822e+00 1.132966030632915067e-01
6.032812500000000355e+00 1.132137747471212430e-01
6.046875000000000000e+00 1.131304969764279356e-01
6.060937500000000533e+00 1.130467670187264573e-01
6.075000000000000178e+00 1.129625821103259348e-01
6.089062499999999822e+00 1.128779394054840179e-01
6.103125000000000355e+00 1.127928359440173167e-01
6.117187500000000000e+00 1.127072686266296087e-01
6.131250000000000533e+00 1.126212341871865585e-01
6.145312500000000178e+00 1.125347291573039060e-01
6.159374999999999822e+00 1.124477498271419657e-01
6.173437500000000355e+00 1.123602922125840758e-01
6.187500000000000000e+00 1.122723520402502395e-01
6.201562500000000533e+00 1.121839247583696908e-01
6.215625000000000178e+00 1.120950055759551006e-01
6.229687499999999822e+00 1.120055895277668467e-01
6.243750000000000355e+00 1.119156715593704332e-01
6.257812500000000000e+00 1.118252466244519794e-01
6.271875000000000533e+00 1.117343097843020716e-01
6.285937500000000178e+00 1.116428562973187655e-01
6.299999999999999822e+00 1.115508816867458730e-01
6.314062500000000355e+00 1.114583817800292587e-01
6.328125000000000000e+00 1.113653527229749030e-01
6.342187500000000533e+00 1.112717909825340495e-01
6.356250000000000178e+00 1.111776933580068683e-01
6.370312499999999822e+00 1.110830570181525062e-01
6.384375000000000355e+00 1.109878795719937278e-01
6.398437500000000000e+00 1.108921591687845043e-01
6.412500000000000533e+00 1.107958946132318878e-01
6.426562500000000178e+00 1.106990854787329587e-01
6.440624999999999822e+00 1.106017322035640904e-01
6.454687500000000355e+00 1.105038361597409369e-01
6.468750000000000000e+00 1.104053996888022526e-01
6.482812500000000533e+00 1.103064261019603975e-01
6.496875000000000178e+00 1.102069196446347071e-01
6.510937499999999822e+00 1.101068854285659621e-01
6.525000000000000355e+00 1.100063293388164609e-01
6.539062500000000000e+00 1.099052579269955976e-01
6.553125000000000533e+00 1.098036783045907433e-01
6.567187500000000178e+00 1.097015980506165778e-01
6.581249999999999822e+00 1.095990251461658183e-01
6.595312500000000355e+00 1.094959679452072732e-01
6.609375000000000000e+00 1.093924351858228949e-01
6.623437500000000533e+00 1.092884360384518555e-01
6.637500000000000178e+00 1.091839801782601427e-01
6.651562499999999822e+00 1.090790778601972433e-01
6.665625000000000355e+00 1.089737399714590382e-01
6.679687500000000000e+00 1.088679780394028185e-01
6.693750000000000533e+00 1.087618041824987281e-01
6.707812500000000178e+00 1.086552310034017282e-01
6.721874999999999822e+00 1.085482714315510050e-01
6.735937500000000355e+00 1.084409385248608637e-01
6.750000000000000000e+00 1.083332452368806764e-01
6.764062500000000533e+00 1.082252041512323237e-01
6.778125000000000178e+00 1.081168271838150730e-01
6.792187499999999822e+00 1.080081252578397599e-01
6.806250000000000355e+00 1.078991079664176206e-01
6.820312500000000000e+00 1.077897832484185220e-01
6.834375000000000533e+00 1.076801571108426114e-01
6.848437500000000178e+00 1.075702334314704994e-01
6.862499999999999822e+00 1.074600138681088002e-01
6.876562500000000355e+00 1.073494978868679561e-01
6.890625000000000000e+00 1.072386829046809431e-01
6.904687500000000533e+00 1.071275645244916530e-01
6.918750000000000178e+00 1.070161368292526921e-01
6.932812499999999822e+00 1.069043926966109781e-01
6.946875000000000355e+00 1.067923241013286895e-01
6.960937500000000000e+00 1.066799223846842670e-01
6.975000000000000533e+00 1.065671784833993746e-01
6.989062500000000178e+00 1.064540831187444081e-01
7.003124999999999822e+00 1.063406269470943966e-01
7.017187500000000355e+00 1.062268006700847200e-01
7.031250000000000000e+00 1.061125951027134390e-01
7.045312500000000533e+00 1.059980012056837700e-01
7.059375000000000178e+00 1.058830101011708907e-01
7.073437499999999822e+00 1.057676130999372632e-01
7.087500000000000355e+00 1.056518017632033513e-01
7.101562500000000000e+00 1.055355680030175686e-01
7.115625000000000533e+00 1.054189041981030417e-01
7.129687500000000178e+00 1.053018032821543548e-01
7.143749999999999822e+00 1.051842587594860740e-01
7.157812500000000355e+00 1.050662646200463124e-01
7.171875000000000000e+00 1.049478151530561232e-01
7.185937500000000533e+00 1.048289046836531346e-01
7.200000000000000178e+00 1.047095272731256854e-01
7.214062499999999822e+00 1.045896764315433769e-01
7.228125000000000355e+00 1.044693448943181946e-01
7.242187500000000000e+00 1.043485245086035740e-01
7.256250000000000533e+00 1.042272062548209310e-01
7.270312500000000178e+00 1.041053803923116805e-01
7.284374999999999822e+00 1.039830366783855431e-01
7.298437500000000355e+00 1.038601645867462397e-01
7.312500000000000000e+00 1.037367534578304690e-01
7.326562500000000533e+00 1.036127925469670363e-01
7.340625000000000178e+00 1.034882709800437894e-01
7.354687499999999822e+00 1.033631776625910104e-01
7.368750000000000355e+00 1.032375012064546821e-01
7.382812500000000000e+00 1.031112299360101292e-01
7.396875000000000533e+00 1.029843520143806368e-01
7.410937500000000178e+00 1.028568556933997652e-01
7.424999999999999822e+00 1.027287296486755486e-01
7.439062500000000355e+00 1.025999633286142354e-01
7.453125000000000000e+00 1.024705472390790711e-01
7.467187500000000533e+00 1.023404731094929299e-01
7.481250000000000178e+00 1.022097339324154197e-01
7.495312499999999822e+00 1.020783239149528066e-01
7.509375000000000355e+00 1.019462384030613566e-01
7.523437500000000000e+00 1.018134738277788887e-01
7.537500000000000533e+00 1.016800276855636120e-01
7.551562500000000178e+00 1.015458985284731358e-01
7.565624999999999822e+00 1.014110859266748182e-01
7.579687500000000355e+00 1.012755903793207263e-01
7.593750000000000000e+00 1.011394131729908830e-01
7.607812500000000533e+00 1.010025561975280289e-01
7.621875000000000178e+00 1.008650217195881105e-01
7.635937499999999822e+00 1.007268120979701587e-01
7.650000000000000355e+00 1.005879294238072458e-01
7.664062500000000000e+00 1.004483750944449721e-01
7.678125000000000533e+00 1.003081493734688245e-01
7.692187500000000178e+00 1.001672510276442885e-01
7.706249999999999822e+00 1.000256771411573292e-01
7.720312500000000355e+00 9.988342317761532418e-02
7.734375000000000000e+00 9.974048329839194094e-02
7.748437500000000533e+00 9.959685087572549278e-02
7.762500000000000178e+00 9.945251908912736138e-02
7.776562499999999822e+00 9.930748148263021657e-02
7.790625000000000355e+00 9.916173238746076035e-02
7.804687500000000000e+00 9.901526716293661268e-02
7.818750000000000533e+00 9.886808225625007274e-02
7.832812500000000178e+00 9.872017511437387871e-02
7.846874999999999822e+00 9.857154399539289069e-02
7.860937500000000355e+00 9.842218772874072874e-02
7.875000000000000000e+00 9.827210547284376263e-02
7.889062500000000533e+00 9.812129651628473392e-02
7.903125000000000178e+00 9.796976015713815267e-02
7.917187499999999822e+00 9.781749566688802133e-02
7.931250000000000355e+00 9.766450230660989051e-02
7.945312500000000000e+00 9.751077933727260449e-02
7.959375000000000533e+00 9.735632597761437190e-02
7.973437500000000178e+00 9.720114131425541815e-02
7.987499999999999822e+00 9.704522423092544481e-02
8.001562500000000355e+00 9.688857345523091413e-02
8.015625000000000000e+00 9.673118779793464517e-02
8.029687499999999645e+00 9.657306659151267125e-02
8.043750000000001066e+00 9.641421025681745638e-02
8.057812500000000711e+00 9.625462087242518672e-02
8.071875000000000355e+00 9.609430260300752535e-02
8.085937500000000000e+00 9.593326185436028275e-02
8.099999999999999645e+00 9.577150705601757130e-02
8.114062500000001066e+00 9.560904803173300714e-02
8.128125000000000711e+00 9.544589501125380626e-02
8.142187500000000355e+00 9.528205745319466569e-02
8.156250000000000000e+00 9.511754294757406025e-02
8.170312499999999645e+00 9.495235649237918074e-02
8.184375000000001066e+00 9.478650035754371261e-02
8.198437500000000711e+00 9.461997457806946288e-02
8.212500000000000355e+00 9.445277792023029639e-02
8.226562500000000000e+00 9.428490902264739792e-02
8.240624999999999645e+00 9.411636738579290395e-02
8.254687500000001066e+00 9.394715397682643077e-02
8.268750000000000711e+00 9.377727138734112677e-02
8.282812500000000355e+00 9.360672365486943924e-02
8.296875000000000000e+00 9.343551596195787123e-02
8.310937499999999645e+00 9.326365441902884079e-02
8.325000000000001066e+00 9.309114603067662752e-02
8.339062500000000711e+00 9.291799880007070578e-02
8.353125000000000355e+00 9.274422182274033588e-02
8.367187500000000000e+00 9.256982521426895816e-02
8.381249999999999645e+00 9.239481980529311300e-02
8.395312500000001066e+00 9.221921666809393403e-02
8.409375000000000711e+00 9.204302663962943276e-02
8.423437500000000355e+00 9.186626002454856277e-02
8.437500000000000000e+00 9.168892659187341532e-02
8.451562499999999645e+00 9.151103585988615285e-02
8.465625000000001066e+00 9.133259756001016472e-02
8.479687500000000711e+00 9.115362213743696818e-02
8.493750000000000355e+00 9.097412119696431099e-02
8.507812500000000000e+00 9.079410789846226182e-02
8.521874999999999645e+00 9.061359738222241056e-02
8.535937500000001066e+00 9.043260731131597119e-02
8.550000000000000711e+00 9.025115855287224598e-02
8.564062500000000355e+00 9.006927592019385587e-02
8.578125000000000000e+00 8.988698881226001025e-02
8.592187499999999645e+00 8.970433155410451054e-02
8.606250000000001066e+00 8.952134327853511486e-02
8.620312500000000711e+00 8.933806729125075285e-02
8.634375000000000355e+00 8.915454999387739665e-02
8.648437500000000000e+00 8.897083954638324022e-02
8.662499999999999645e+00 8.878698448073311933e-02
8.676562500000001066e+00 8.860303242080740105e-02
8.690625000000000711e+00 8.841902895836481480e-02
8.704687500000000355e+00 8.823501664118235666e-02
8.718750000000000000e+00 8.805103398904483292e-02
8.732812499999999645e+00 8.786711447418185661e-02
8.746875000000001066e+00 8.768328547404785622e-02
8.760937500000000711e+00 8.749956730855147635e-02
8.775000000000000355e+00 8.731597257683343383e-02
8.789062500000000000e+00 8.713250604992614501e-02
8.803124999999999645e+00 8.694916529874653632e-02
8.817187500000001066e+00 8.676594204945611843e-02
8.831250000000000711e+00 8.658282405090816924e-02
8.845312500000000355e+00 8.639979712194317818e-02
8.859375000000000000e+00 8.621684705949024530e-02
8.873437499999999645e+00 8.603396118104328361e-02
8.887500000000001066e+00 8.585112937256746124e-02
8.901562500000000711e+00 8.566834458892917670e-02
8.915625000000000355e+00 8.548560283197315091e-02
8.929687500000000000e+00 8.530290272914112237e-02
8.943749999999999645e+00 8.512024492406111698e-02
8.957812500000001066e+00 8.493763151167951775e-02
8.971875000000000711e+00 8.475506567275088721e-02
8.985937500000000355e+00 8.457255151930648251e-02
9.000000000000000000e+00 8.439009403650611640e-02
9.014062499999999645e+00 8.420769897068458576e-02
9.028125000000001066e+00 8.402537258204878512e-02
9.042187500000000711e+00 8.384312130125401441e-02
9.056250000000000355e+00 8.366095142288540454e-02
9.070312500000000000e+00 8.347886897906806047e-02
9.084374999999999645e+00 8.329687985649222859e-02
9.098437500000001066e+00 8.311499009110240310e-02
9.112500000000000711e+00 8.293320616434159132e-02
9.126562500000000355e+00 8.275153509942059782e-02
9.140625000000000000e+00 8.256998424741487930e-02
9.154687499999999645e+00 8.238856083033269107e-02
9.168750000000001066e+00 8.220727147952291980e-02
9.182812500000000711e+00 8.202612206669765427e-02
9.196875000000000355e+00 8.184511802299324068e-02
9.210937500000000000e+00 8.166426513005085874e-02
9.224999999999999645e+00 8.148357056718508185e-02
9.239062500000001066e+00 8.130304391680046039e-02
9.253125000000000711e+00 8.112269788614537291e-02
9.267187500000000355e+00 8.094254862938751738e-02
9.281250000000000000e+00 8.076261565882381088e-02
9.295312499999999645e+00 8.058292137473793693e-02
9.309375000000001066e+00 8.040349024599527383e-02
9.323437500000000711e+00 8.022434769402363164e-02
9.337500000000000355e+00 8.004551879795535063e-02
9.351562500000000000e+00 7.986702701856576714e-02
9.365624999999999645e+00 7.968889317329710953e-02
9.379687500000001066e+00 7.951113484472721593e-02
9.393750000000000711e+00 7.933376628105098805e-02
9.407812500000000355e+00 7.915679870071279378e-02
9.421875000000000000e+00 7.898024080410406822e-02
9.435937499999999645e+00 7.880409926309808744e-02
9.450000000000001066e+00 7.862837901077768255e-02
9.464062500000000711e+00 7.845308326397029686e-02
9.478125000000000355e+00 7.827821333538327597e-02
9.492187500000000000e+00 7.810376838311851311e-02
9.506249999999999645e+00 7.792974527036941601e-02
9.520312500000001066e+00 7.775613866023897702e-02
9.534375000000000711e+00 7.758294137217450204e-02
9.548437500000000355e+00 7.741014492154658921e-02
9.562500000000000000e+00 7.723774009923210782e-02
9.576562499999999645e+00 7.706571745003870655e-02
9.590625000000001066e+00 7.689406756941419285e-02
9.604687500000000711e+00 7.672278122079473350e-02
9.618750000000000355e+00 7.655184933955341831e-02
9.632812500000000000e+00 7.638126301084963155e-02
9.646874999999999645e+00 7.621101349152895055e-02
9.660937500000001066e+00 7.604109231004166358e-02
9.675000000000000711e+00 7.587149144048294103e-02
9.689062500000000355e+00 7.570220351390805069e-02
9.703125000000000000e+00 7.553322200338724590e-02
9.717187499999999645e+00 7.536454130535713558e-02
9.731250000000001066e+00 7.519615665224647916e-02
9.745312500000000711e+00 7.502806383934906842e-02
9.759375000000000355e+00 7.486025882252694830e-02
9.773437500000000000e+00 7.469273731074835276e-02
9.787499999999999645e+00 7.452549450123321928e-02
9.801562500000001066e+00 7.435852506629533898e-02
9.815625000000000711e+00 7.419182341329494390e-02
9.829687500000000355e+00 7.402538414094832209e-02
9.843750000000000000e+00 7.385920254861509660e-02
9.857812499999999645e+00 7.369327504511108407e-02
9.871875000000001066e+00 7.352759934925373608e-02
9.885937500000000711e+00 7.336217445322382180e-02
9.900000000000000355e+00 7.319700039963353277e-02
9.914062500000000000e+00 7.303207797553670777e-02
9.928124999999999645e+00 7.286740843721288552e-02
9.942187500000001066e+00 7.270299335143334818e-02
9.956250000000000711e+00 7.253883458804555318e-02
9.970312500000000355e+00 7.237493444547599131e-02
9.984375000000000000e+00 7.221129585203708845e-02
9.998437499999999645e+00 7.204792257070770367e-02
1.001250000000000107e+01 7.188481934326379497e-02
1.002656250000000071e+01 7.172199193350578539e-02
1.004062500000000036e+01 7.155944705710315379e-02
1.005468750000000000e+01 7.139719220689610957e-02
1.006874999999999964e+01 7.123523539297302309e-02
1.008281250000000107e+01 7.107358481908933323e-02
1.009687500000000071e+01 7.091224851749627911e-02
1.011093750000000036e+01 7.075123396842161738e-02
1.012500000000000000e+01 7.059054773894132828e-02
1.013906249999999964e+01 7.043019518421098080e-02
1.015312500000000107e+01 7.027018025484707553e-02
1.016718750000000071e+01 7.011050544232300119e-02
1.018125000000000036e+01 6.995117186968019540e-02
1.019531250000000000e+01 6.979217950419772110e-02
1.020937499999999964e+01 6.963352744241660397e-02
1.022343750000000107e+01 6.947521420580077267e-02
1.023750000000000071e+01 6.931723799164440925e-02
1.025156250000000036e+01 6.915959684552527853e-02
1.026562500000000000e+01 6.900228874986298611e-02
1.027968749999999964e+01 6.884531164774436440e-02
1.029375000000000107e+01 6.868866343491300541e-02
1.030781250000000071e+01 6.853234195367780002e-02
1.032187500000000036e+01 6.837634501300453305e-02
1.033593750000000000e+01 6.822067044387350454e-02
1.034999999999999964e+01 6.806531618274452855e-02
1.036406250000000107e+01 6.791028036244294019e-02
1.037812500000000071e+01 6.775556138198748912e-02
1.039218750000000036e+01 6.760115792705873039e-02
1.040625000000000000e+01 6.744706892166529855e-02
1.042031249999999964e+01 6.729329340739928500e-02
1.043437500000000107e+01 6.713983036533431592e-02
1.044843750000000071e+01 6.698667851179160304e-02
1.046250000000000036e+01 6.683383610836129973e-02
1.047656250000000000e+01 6.668130082658030311e-02
1.049062499999999964e+01 6.652906969913430224e-02
1.050468750000000107e+01 6.637713917492669979e-02
1.051875000000000071e+01 6.622550527811774113e-02
1.053281250000000036e+01 6.607416385433979855e-02
1.054687500000000000e+01 6.592311087325265773e-02
1.056093749999999964e+01 6.577234274745541454e-02
1.057500000000000107e+01 6.562185662510811035e-02
1.058906250000000071e+01 6.547165061830104160e-02
1.060312500000000036e+01 6.532172394085819511e-02
1.061718750000000000e+01 6.517207694585244737e-02
1.063124999999999964e+01 6.502271107111676218e-02
1.064531250000000107e+01 6.487362871624492711e-02
1.065937500000000071e+01 6.472483308341753228e-02
1.067343750000000036e+01 6.457632801521204224e-02
1.068750000000000000e+01 6.442811785621731235e-02
1.070156249999999964e+01 6.428020735465901636e-02
1.071562500000000107e+01 6.413260160889881767e-02
1.072968750000000071e+01 6.398530605428370821e-02
1.074375000000000036e+01 6.383832647936299454e-02
1.075781250000000000e+01 6.369166905648999955e-02
1.077187499999999964e+01 6.354534036943815245e-02
1.078593750000000107e+01 6.339934741971212095e-02
1.080000000000000071e+01 6.325369759448340456e-02
1.081406250000000036e+01 6.310839858356534493e-02
1.082812500000000000e+01 6.296345824084995102e-02
1.084218749999999964e+01 6.281888439604554897e-02
1.085625000000000107e+01 6.267468463307243609e-02
1.087031250000000071e+01 6.253086605945593068e-02
1.088437500000000036e+01 6.238743509452561453e-02
1.089843750000000000e+01 6.224439730247655761e-02
1.091249999999999964e+01 6.210175728998111599e-02
1.092656250000000107e+01 6.195951867864184226e-02
1.094062500000000071e+01 6.181768415221857577e-02
1.095468750000000036e+01 6.167625556927740227e-02
1.096875000000000000e+01 6.153523412523429631e-02
1.098281249999999964e+01 6.139462054438644956e-02
1.099687500000000107e+01 6.125441528221512583e-02
1.101093750000000071e+01 6.111461872015355734e-02
1.102500000000000036e+01 6.097523133819066771e-02
1.103906250000000000e+01 6.083625385453212547e-02
1.105312499999999964e+01 6.069768732591761251e-02
1.106718750000000107e+01 6.055953320707838095e-02
1.108125000000000071e+01 6.042179337286426866e-02
1.109531250000000036e+01 6.028447011086843221e-02
1.110937500000000000e+01 6.014756609470209292e-02
1.112343749999999964e+01 6.001108434746051101e-02
1.113750000000000107e+01 5.987502820128433323e-02
1.115156250000000071e+01 5.973940125327056871e-02
1.116562500000000036e+01 5.960420731217196122e-02
1.117968750000000000e+01 5.946945032638346201e-02
1.119374999999999964e+01 5.933513428317620242e-02
1.120781250000000107e+01 5.920126307254985898e-02
1.122187500000000071e+01 5.906784031585286809e-02
1.123593750000000036e+01 5.893486916795454694e-02
1.125000000000000000e+01 5.880235211016558022e-02
1.126406249999999964e+01 5.867029075712762443e-02
1.127812500000000107e+01 5.853868570277828004e-02
1.129218750000000071e+01 5.840753642734779205e-02
1.130625000000000036e+01 5.827684127940727793e-02
1.132031250000000000e+01 5.814659753568514333e-02
1.133437499999999964e+01 5.801680152901755178e-02
1.134843750000000107e+01 5.788744882409418979e-02
1.136250000000000071e+01 5.775853441401254673e-02
1.137656250000000036e+01 5.763005290955172666e-02
1.139062500000000000e+01 5.750199869765015154e-02
1.140468749999999964e+01 5.737436605449348914e-02
1.141875000000000107e+01 5.724714920946073760e-02
1.143281250000000071e+01 5.712034236614103866e-02
1.144687500000000036e+01 5.699393969345672301e-02
1.146093750000000000e+01 5.686793530257128887e-02
1.147499999999999964e+01 5.674232322409825113e-02
1.148906250000000107e+01 5.661709739653847384e-02
1.150312500000000071e+01 5.649225167248780877e-02
1.151718750000000036e+01 5.636777984513342832e-02
1.153125000000000000e+01 5.624367569429096492e-02
1.154531249999999964e+01 5.611993304855181913e-02
1.155937500000000107e+01 5.599654585774446747e-02
1.157343750000000071e+01 5.587350826793091585e-02
1.158750000000000036e+01 5.575081469003279055e-02
1.160156250000000000e+01 5.562845985354562817e-02
1.161562499999999964e+01 5.550643883902703357e-02
1.162968750000000107e+01 5.538474708693949533e-02
1.164375000000000071e+01 5.526338038516863393e-02
1.165781250000000036e+01 5.514233484190794732e-02
1.167187500000000000e+01 5.502160685337485757e-02
1.168593749999999964e+01 5.490119307618198524e-02
1.170000000000000107e+01 5.478109041199222956e-02
1.171406250000000071e+01 5.466129600793863397e-02
1.172812500000000036e+01 5.454180727133806084e-02
1.174218750000000000e+01 5.442262189278847945e-02
1.175624999999999964e+01 5.430373786887818244e-02
1.177031250000000107e+01 5.418515351498405519e-02
1.178437500000000071e+01 5.406686745994087467e-02
1.179843750000000036e+01 5.394887861725810446e-02
1.181250000000000000e+01 5.383118613141008729e-02
1.182656249999999964e+01 5.371378930191075818e-02
1.184062500000000107e+01 5.359668749183687381e-02
1.185468750000000071e+01 5.347988003062176254e-02
1.186875000000000036e+01 5.336336612273664959e-02
1.188281250000000000e+01 5.324714477383225147e-02
1.189687499999999964e+01 5.313121474384142895e-02
1.191093750000000107e+01 5.301557453271082271e-02
1.192500000000000071e+01 5.290022239958251660e-02
1.193906250000000036e+01 5.278515641143170789e-02
1.195312500000000000e+01 5.267037451343099808e-02
1.196718749999999964e+01 5.255587461137583433e-02
1.198125000000000107e+01 5.244165465657592284e-02
1.199531250000000071e+01 5.232771272536100582e-02
1.200937500000000036e+01 5.221404708804534139e-02
1.202343750000000000e+01 5.210065626498629199e-02
1.203749999999999964e+01 5.198753906952054138e-02
1.205156250000000107e+01 5.187469463865474611e-02
1.206562500000000071e+01 5.176212245241659793e-02
1.207968750000000036e+01 5.164982234209337941e-02
1.209375000000000000e+01 5.153779448675564756e-02
1.210781249999999964e+01 5.142603939703306593e-02
1.212187500000000107e+01 5.131455788542302332e-02
1.213593750000000071e+01 5.120335102349576895e-02
1.215000000000000036e+01 5.109242008792490297e-02
1.216406250000000000e+01 5.098176649884086226e-02
1.217812499999999964e+01 5.087139175508702260e-02
1.219218750000000107e+01 5.076129737122095364e-02
1.220625000000000071e+01 5.065148482047857059e-02
1.222031250000000036e+01 5.054195548659516646e-02
1.223437500000000000e+01 5.043271062572085572e-02
1.224843749999999964e+01 5.032375133809014606e-02
1.226250000000000107e+01 5.021507854794469983e-02
1.227656250000000071e+01 5.010669298965557406e-02
1.229062500000000036e+01 4.999859519806570257e-02
1.230468750000000000e+01 4.989078550165024911e-02
1.231874999999999964e+01 4.978326401795027389e-02
1.233281250000000107e+01 4.967603065161582676e-02
1.234687500000000071e+01 4.956908509606096358e-02
1.236093750000000036e+01 4.946242684001693479e-02
1.237500000000000000e+01 4.935605518010367787e-02
1.238906249999999964e+01 4.924996923997100595e-02
1.240312500000000107e+01 4.914416799572998706e-02
1.241718750000000071e+01 4.903865030650307599e-02
1.243125000000000036e+01 4.893341494817027987e-02
1.244531250000000000e+01 4.882846064793563284e-02
1.245937499999999964e+01 4.872378611725493996e-02
1.247343750000000107e+01 4.861939008093939946e-02
1.248750000000000071e+01 4.851527130079183459e-02
1.250156250000000036e+01 4.841142859282991651e-02
1.251562500000000000e+01 4.830786083789264523e-02
1.252968749999999964e+01 4.820456698613221486e-02
1.254375000000000107e+01 4.810154605651095761e-02
1.255781250000000071e+01 4.799879713291074768e-02
1.257187500000000036e+01 4.789631935877341345e-02
1.258593750000000000e+01 4.779411193227187798e-02
1.259999999999999964e+01 4.769217410381337841e-02
1.261406250000000107e+01 4.759050517718575735e-02
1.262812500000000071e+01 4.748910451491367840e-02
1.264218750000000036e+01 4.738797154749278817e-02
1.265625000000000000e+01 4.728710578526021391e-02
1.267031249999999964e+01 4.718650683089591763e-02
1.268437500000000107e+01 4.708617439006827082e-02
1.269843750000000071e+01 4.698610827762895320e-02
1.271250000000000036e+01 4.688630841705575258e-02
1.272656250000000000e+01 4.678677483150604777e-02
1.274062499999999964e+01 4.668750762580217012e-02
1.275468750000000107e+01 4.658850695981957279e-02
1.276875000000000071e+01 4.648977301496659553e-02
1.278281250000000036e+01 4.639130595660686390e-02
1.279687500000000000e+01 4.629310589623215899e-02
1.281093749999999964e+01 4.619517285777993698e-02
1.282500000000000107e+01 4.609750675252317909e-02
1.283906250000000071e+01 4.600010736627471036e-02
1.285312500000000036e+01 4.590297436116190510e-02
1.286718750000000000e+01 4.580610729201403664e-02
1.288124999999999964e+01 4.570950563474905637e-02
1.289531250000000107e+01 4.561316882154212160e-02
1.290937500000000071e+01 4.551709627561974225e-02
1.292343750000000036e+01 4.542128743783185180e-02
1.293750000000000000e+01 4.532574177807624505e-02
1.295156249999999964e+01 4.523045878718937041e-02
1.296562500000000107e+01 4.513543794866729797e-02
1.297968750000000071e+01 4.504067869378455824e-02
1.299375000000000036e+01 4.494618034740539142e-02
1.300781250000000000e+01 4.485194207415729717e-02
1.302187499999999964e+01 4.475796283505818068e-02
1.303593750000000107e+01 4.466424136299941561e-02
1.305000000000000071e+01 4.457077616200935677e-02
1.306406250000000036e+01 4.447756553070586483e-02
1.307812500000000000e+01 4.438460760578295805e-02
1.309218749999999964e+01 4.429190041777159720e-02
1.310625000000000107e+01 4.419944194944067095e-02
1.312031250000000071e+01 4.410723018741827955e-02
1.313437500000000036e+01 4.401526315977855042e-02
1.314843750000000000e+01 4.392353895586754986e-02
1.316249999999999964e+01 4.383205572866386013e-02
1.317656250000000107e+01 4.374081168355526544e-02
1.319062500000000071e+01 4.364980505981838621e-02
1.320468750000000036e+01 4.355903411191101859e-02
1.321875000000000000e+01 4.346849709694449587e-02
1.323281249999999964e+01 4.337819227276555611e-02
1.324687500000000107e+01 4.328811790853168140e-02
1.326093750000000071e+01 4.319827230713006727e-02
1.327500000000000036e+01 4.310865383676659723e-02
1.328906250000000000e+01 4.301926096782107689e-02
1.330312499999999964e+01 4.293009231068507792e-02
1.331718750000000107e+01 4.284114665064758798e-02
1.333125000000000071e+01 4.275242297675034553e-02
1.334531250000000036e+01 4.266392050265054026e-02
1.335937500000000000e+01 4.257563867868062457e-02
1.337343749999999964e+01 4.248757719531059962e-02
1.338750000000000107e+01 4.239973597898159807e-02
1.340156250000000071e+01 4.231211518173660230e-02
1.341562500000000036e+01 4.222471516622728488e-02
1.342968750000000000e+01 4.213753648757709303e-02
1.344374999999999964e+01 4.205057987331568131e-02
1.345781250000000107e+01 4.196384620226649431e-02
1.347187500000000071e+01 4.187733648294957034e-02
1.348593750000000036e+01 4.179105183180895772e-02
1.350000000000000000e+01 4.170499345140668557e-02
1.351406249999999964e+01 4.161916260863599004e-02
1.352812500000000107e+01 4.153356061297699964e-02
1.354218750000000071e+01 4.144818879483330720e-02
1.355625000000000036e+01 4.136304848403968282e-02
1.357031250000000000e+01 4.127814098871850079e-02
1.358437499999999964e+01 4.119346757478156706e-02
1.359843750000000107e+01 4.110902944651347035e-02
1.361250000000000071e+01 4.102482772880927664e-02
1.362656250000000036e+01 4.094086345174077768e-02
1.364062500000000000e+01 4.085713753815869986e-02
1.365468749999999964e+01 4.077365079497519140e-02
1.366875000000000107e+01 4.069040390860322043e-02
1.368281250000000071e+01 4.060739744476507540e-02
1.369687500000000036e+01 4.052463185255608669e-02
1.371093750000000000e+01 4.044210747230875258e-02
1.372499999999999964e+01 4.035982454650192952e-02
1.373906250000000107e+01 4.027778323274672223e-02
1.375312500000000071e+01 4.019598361778216333e-02
1.376718750000000036e+01 4.011442573143429724e-02
1.378125000000000000e+01 4.003310955960824591e-02
1.379531249999999964e+01 3.995203505556355061e-02
1.380937500000000107e+01 3.987120214893061232e-02
1.382343750000000071e+01 3.979061075213814747e-02
1.383750000000000036e+01 3.971026076413070732e-02
1.385156250000000000e+01 3.963015207146605018e-02
1.386562499999999964e+01 3.955028454710265984e-02
1.387968750000000107e+01 3.947065804741582001e-02
1.389375000000000071e+01 3.939127240819689096e-02
1.390781250000000036e+01 3.931212744055483099e-02
1.392187500000000000e+01 3.923322292770810293e-02
1.393593749999999964e+01 3.915455862358680622e-02
1.395000000000000107e+01 3.907613425394861756e-02
1.396406250000000071e+01 3.899794952036722551e-02
1.397812500000000036e+01 3.892000410703491675e-02
1.399218750000000000e+01 3.884229768990994647e-02
1.400624999999999964e+01 3.876482994741218407e-02
1.402031250000000107e+01 3.868760057168695032e-02
1.403437500000000071e+01 3.861060927943686660e-02
1.404843750000000036e+01 3.853385582144595867e-02
1.406250000000000000e+01 3.845733999013614679e-02
1.407656249999999964e+01 3.838106162473357841e-02
1.409062500000000107e+01 3.830502061382161372e-02
1.410468750000000071e+01 3.822921689517926047e-02
1.411875000000000036e+01 3.815365045284875578e-02
1.413281250000000000e+01 3.807832131137495191e-02
1.414687499999999964e+01 3.800322952716365943e-02
1.416093750000000107e+01 3.792837517697397742e-02
1.417500000000000071e+01 3.785375834372435577e-02
1.418906250000000036e+01 3.777937910006504835e-02
1.420312500000000000e+01 3.770523749051347268e-02
1.421718749999999964e+01 3.763133351330688603e-02
1.423125000000000107e+01 3.755766710341254533e-02
1.424531250000000071e+01 3.748423811827483743e-02
1.425937500000000036e+01 3.741104632781215578e-02
1.427343750000000000e+01 3.733809140988614966e-02
1.428749999999999964e+01 3.726537295197513561e-02
1.430156250000000107e+01 3.719289045915886299e-02
1.431562500000000071e+01 3.712064336785562968e-02
1.432968750000000036e+01 3.704863106414908736e-02
1.434375000000000000e+01 3.697685290509265810e-02
1.435781249999999964e+01 3.690530824114887642e-02
1.437187500000000107e+01 3.683399643793308642e-02
1.438593750000000071e+01 3.676291689566660303e-02
1.440000000000000036e+01 3.669206906515010830e-02
1.441406250000000000e+01 3.662145245956423267e-02
1.442812499999999964e+01 3.655106666190723747e-02
1.444218750000000107e+01 3.648091132831418615e-02
1.445625000000000071e+01 3.641098618781564433e-02
1.447031250000000036e+01 3.634129103926470733e-02
1.448437500000000000e+01 3.627182574619458588e-02
1.449843749999999964e+01 3.620259023029344381e-02
1.451250000000000107e+01 3.613358446404199564e-02
1.452656250000000071e+01 3.606480846289464998e-02
1.454062500000000036e+01 3.599626227723470850e-02
1.455468750000000000e+01 3.592794598422245633e-02
1.456874999999999964e+01 3.585985967959058607e-02
1.458281250000000107e+01 3.579200346942189304e-02
1.459687500000000071e+01 3.572437746195650243e-02
1.461093750000000036e+01 3.565698175950469950e-02
1.462500000000000000e+01 3.558981645057060494e-02
1.463906249999999964e+01 3.552288160231185932e-02
1.465312500000000107e+01 3.545617725346462967e-02
1.466718750000000071e+01 3.538970340785237839e-02
1.468125000000000036e+01 3.532346002857419953e-02
1.469531250000000000e+01 3.525744703293911403e-02
1.470937499999999964e+01 3.519166428818260722e-02
1.472343750000000107e+01 3.512611160797318721e-02
1.473750000000000071e+01 3.506078874969553727e-02
1.475156250000000036e+01 3.499569541248229165e-02
1.476562500000000000e+01 3.493083123596287670e-02
1.477968749999999964e+01 3.486619579970451355e-02
1.479375000000000107e+01 3.480178862333720147e-02
1.480781250000000071e+01 3.473760916737758664e-02
1.482187500000000036e+01 3.467365683478856181e-02
1.483593750000000000e+01 3.460993097332320384e-02
1.484999999999999964e+01 3.454643087869149753e-02
1.486406250000000107e+01 3.448315579854970003e-02
1.487812500000000071e+01 3.442010493724106945e-02
1.489218750000000036e+01 3.435727746112016839e-02
1.490625000000000000e+01 3.429467250418406776e-02
1.492031249999999964e+01 3.423228917363398821e-02
1.493437500000000107e+01 3.417012655492363687e-02
1.494843750000000071e+01 3.410818371583623776e-02
1.496250000000000036e+01 3.404645970918467046e-02
1.497656250000000000e+01 3.398495357385102056e-02
1.499062499999999964e+01 3.392366433406181214e-02
1.500468750000000107e+01 3.386259099701284525e-02
1.501875000000000071e+01 3.380173254918115988e-02
1.503281250000000036e+01 3.374108795185984389e-02
1.504687500000000000e+01 3.368065613659076973e-02
1.506093749999999964e+01 3.362043600122958942e-02
1.507500000000000107e+01 3.356042640734202553e-02
1.508906250000000071e+01 3.350062617950225197e-02
1.510312500000000036e+01 3.344103410685773936e-02
1.511718750000000000e+01 3.338164894706469044e-02
1.513124999999999964e+01 3.332246943241901765e-02
1.514531250000000107e+01 3.326349427774545620e-02
1.515937500000000071e+01 3.320472218939751058e-02
1.517343750000000036e+01 3.314615187459131473e-02
1.518750000000000000e+01 3.308778205026402519e-02
1.520156249999999964e+01 3.302961145071536819e-02
1.521562500000000107e+01 3.297163883344737118e-02
1.522968750000000071e+01 3.291386298283793810e-02
1.524375000000000036e+01 3.285628271153415159e-02
1.525781250000000000e+01 3.279889685969374774e-02
1.527187499999999964e+01 3.274170429240341046e-02
1.528593750000000107e+01 3.268470389573500945e-02
1.530000000000000071e+01 3.262789457195273274e-02
1.531406250000000036e+01 3.257127523435936894e-02
1.532812500000000000e+01 3.251484480218307799e-02
1.534218749999999964e+01 3.245860219578496769e-02
1.535625000000000107e+01 3.240254633233931314e-02
1.537031250000000071e+01 3.234667612203106363e-02
1.538437500000000036e+01 3.229099046474705192e-02
1.539843750000000000e+01 3.223548824721589323e-02
1.541249999999999964e+01 3.218016834057440406e-02
1.542656250000000107e+01 3.212502959839147465e-02
1.544062500000000071e+01 3.207007085524588019e-02
1.545468750000000036e+01 3.201529092601171356e-02
1.546875000000000000e+01 3.196068860603845652e-02
1.548281249999999964e+01 3.190626267241013225e-02
1.549687500000000107e+01 3.185201188642741016e-02
1.551093750000000071e+01 3.179793499738237106e-02
1.552500000000000036e+01 3.174403074759830218e-02
1.553906250000000000e+01 3.169029787859952568e-02
1.555312499999999964e+01 3.163673513817377020e-02
1.556718750000000107e+01 3.158334128800422552e-02
1.558125000000000071e+01 3.153011511148880175e-02
1.559531250000000036e+01 3.147705542133563683e-02
1.560937500000000000e+01 3.142416106652831664e-02
1.562343749999999964e+01 3.137143093828816121e-02
1.563750000000000107e+01 3.131886397472137540e-02
1.565156250000000071e+01 3.126645916391929125e-02
1.566562500000000036e+01 3.121421554537342352e-02
1.567968750000000000e+01 3.116213220966702196e-02
1.569374999999999964e+01 3.111020829650419650e-02
1.570781250000000107e+01 3.105844299122867413e-02
1.572187500000000071e+01 3.100683552006234731e-02
1.573593750000000036e+01 3.095538514435181715e-02
1.575000000000000000e+01 3.090409115414796681e-02
1.576406249999999964e+01 3.085295286145532667e-02
1.577812500000000107e+01 3.080196959347678703e-02
1.579218750000000071e+01 3.075114068614648311e-02
1.580625000000000036e+01 3.070046547819414023e-02
1.582031250000000000e+01 3.064994330592236277e-02
1.583437499999999964e+01 3.059957349881123681e-02
1.584843750000000107e+01 3.054935537599673054e-02
1.586250000000000071e+01 3.049928824360766816e-02
1.587656250000000036e+01 3.044937139289408123e-02
1.589062500000000000e+01 3.039960409904138988e-02
1.590468749999999964e+01 3.034998562054239818e-02
1.591875000000000107e+01 3.030051519899292639e-02
1.593281250000000071e+01 3.025119205918610707e-02
1.594687500000000036e+01 3.020201540940276735e-02
1.596093750000000000e+01 3.015298444182701668e-02
1.597499999999999964e+01 3.010409833305298724e-02
1.598906250000000107e+01 3.005535624468525305e-02
1.600312500000000071e+01 3.000675732406737906e-02
1.601718750000000213e+01 2.995830070519634250e-02
1.603125000000000000e+01 2.990998550989194121e-02
1.604531250000000142e+01 2.986181084928921092e-02
1.605937499999999929e+01 2.981377582570850573e-02
1.607343750000000071e+01 2.976587953493439048e-02
1.608750000000000213e+01 2.971812106890402497e-02
1.610156250000000000e+01 2.967049951877260422e-02
1.611562500000000142e+01 2.962301397829102470e-02
1.612968749999999929e+01 2.957566354740303466e-02
1.614375000000000071e+01 2.952844733594797016e-02
1.615781250000000213e+01 2.948136446734214711e-02
1.617187500000000000e+01 2.943441408210697996e-02
1.618593750000000142e+01 2.938759534111477084e-02
1.619999999999999929e+01 2.934090742843207048e-02
1.621406250000000071e+01 2.929434955365461599e-02
1.622812500000000213e+01 2.924792095364556199e-02
1.624218750000000000e+01 2.920162089360970464e-02
1.625625000000000142e+01 2.915544866745906766e-02
1.627031249999999929e+01 2.910940359745027572e-02
1.628437500000000071e+01 2.906348503310103581e-02
1.629843750000000213e+01 2.901769234942084413e-02
1.631250000000000000e+01 2.897202494452014859e-02
1.632656250000000142e+01 2.892648223669061838e-02
1.634062499999999929e+01 2.888106366107529369e-02
1.635468750000000071e+01 2.883576866607057837e-02
1.636875000000000213e+01 2.879059670961798406e-02
1.638281250000000000e+01 2.874554725555259621e-02
1.639687500000000142e+01 2.870061977017471233e-02
1.641093749999999929e+01 2.865581371919993098e-02
1.642500000000000071e+01 2.861112856522294787e-02
1.643906250000000213e+01 2.856656376580055112e-02
1.645312500000000000e+01 2.852211877222364522e-02
1.646718750000000142e+01 2.847779302900818599e-02
1.648124999999999929e+01 2.843358597409497562e-02
1.649531250000000071e+01 2.838949703971071353e-02
1.650937500000000213e+01 2.834552565381142503e-02
1.652343750000000000e+01 2.830167124200630435e-02
1.653750000000000142e+01 2.825793322984663375e-02
1.655156249999999929e+01 2.821431104536074874e-02
1.656562500000000071e+01 2.817080412172182080e-02
1.657968750000000213e+01 2.812741189994758667e-02
1.659375000000000000e+01 2.808413383154929194e-02
1.660781250000000142e+01 2.804096938106619141e-02
1.662187499999999929e+01 2.799791802844241867e-02
1.663593750000000071e+01 2.795497927121951692e-02
1.665000000000000213e+01 2.791215262653254717e-02
1.666406250000000000e+01 2.786943763290651924e-02
1.667812500000000142e+01 2.782683385185567848e-02
1.669218749999999929e+01 2.778434086928908975e-02
1.670625000000000071e+01 2.774195829672443728e-02
1.672031250000000213e+01 2.769968577230789986e-02
1.673437500000000000e+01 2.765752296163305479e-02
1.674843750000000142e+01 2.761546955834673356e-02
1.676249999999999929e+01 2.757352528452577597e-02
1.677656250000000071e+01 2.753168989080654813e-02
1.679062500000000213e+01 2.748996315624917253e-02
1.680468750000000000e+01 2.744834488792153096e-02
1.681875000000000142e+01 2.740683492019359985e-02
1.683281249999999929e+01 2.736543311374076831e-02
1.684687500000000071e+01 2.732413935426416390e-02
1.686093750000000213e+01 2.728295355094657176e-02
1.687500000000000000e+01 2.724187563467206363e-02
1.688906250000000142e+01 2.720090555604628979e-02
1.690312499999999929e+01 2.716004328326052444e-02
1.691718750000000071e+01 2.711928879984605925e-02
1.693125000000000213e+01 2.707864210236660130e-02
1.694531250000000000e+01 2.703810319809449997e-02
1.695937500000000142e+01 2.699767210271339368e-02
1.697343749999999929e+01 2.695734883808558954e-02
1.698750000000000071e+01 2.691713343011816265e-02
1.700156250000000213e+01 2.687702590675790371e-02
1.701562500000000000e+01 2.683702629614187832e-02
1.702968750000000142e+01 2.679713462492798459e-02
1.704374999999999929e+01 2.675735091682687750e-02
1.705781250000000071e+01 2.671767519135340857e-02
1.707187500000000213e+01 2.667810746281121248e-02
1.708593750000000000e+01 2.663864773951785114e-02
1.710000000000000142e+01 2.659929602327003317e-02
1.711406249999999929e+01 2.656005230903998870e-02
1.712812500000000071e+01 2.652091658488458376e-02
1.714218750000000213e+01 2.648188883204054267e-02
1.715625000000000000e+01 2.644296902517223255e-02
1.717031250000000142e+01 2.640415713273406087e-02
1.718437499999999929e+01 2.636545311740755987e-02
1.719843750000000071e+01 2.632685693657406747e-02
1.721250000000000213e+01 2.628836854278664148e-02
1.722656250000000000e+01 2.624998788420915274e-02
1.724062500000000142e+01 2.621171490499551310e-02
1.725468749999999929e+01 2.617354954558742675e-02
1.726875000000000071e+01 2.613549174291388000e-02
1.728281250000000213e+01 2.609754143048112485e-02
1.729687500000000000e+01 2.605969853834615158e-02
1.731093750000000142e+01 2.602196299297206833e-02
1.732499999999999929e+01 2.598433471696853098e-02
1.733906250000000071e+01 2.594681362872542502e-02
1.735312500000000213e+01 2.590939964195306325e-02
1.736718750000000000e+01 2.587209266514652745e-02
1.738125000000000142e+01 2.583489260099575482e-02
1.739531249999999929e+01 2.579779934576559297e-02
1.740937500000000071e+01 2.576081278867174001e-02
1.742343750000000213e+01 2.572393281127901415e-02
1.743750000000000000e+01 2.568715928694714073e-02
1.745156250000000142e+01 2.565049208034778094e-02
1.746562499999999929e+01 2.561393104707281390e-02
1.747968750000000071e+01 2.557747603335007447e-02
1.749375000000000213e+01 2.554112687587751368e-02
1.750781250000000000e+01 2.550488340178073271e-02
1.752187500000000142e+01 2.546874542869261016e-02
1.753593749999999929e+01 2.543271276494691452e-02
1.755000000000000071e+01 2.539678520987204147e-02
1.756406250000000213e+01 2.536096255416566553e-02
1.757812500000000000e+01 2.532524458032786585e-02
1.759218750000000142e+01 2.528963106312907827e-02
1.760624999999999929e+01 2.525412177008996145e-02
1.762031250000000071e+01 2.521871646195363720e-02
1.763437500000000213e+01 2.518341489313562914e-02
1.764843750000000000e+01 2.514821681214279847e-02
1.766250000000000142e+01 2.511312196195897295e-02
1.767656249999999929e+01 2.507813008040104402e-02
1.769062500000000071e+01 2.504324090045383783e-02
1.770468750000000213e+01 2.500845415059578872e-02
1.771875000000000000e+01 2.497376955512830426e-02
1.773281250000000142e+01 2.493918683452167606e-02
1.774687499999999929e+01 2.490470570578781975e-02
1.776093750000000071e+01 2.487032588288654728e-02
1.777500000000000213e+01 2.483604707716693949e-02
1.778906250000000000e+01 2.480186899784003751e-02
1.780312500000000142e+01 2.476779135247320768e-02
1.781718749999999929e+01 2.473381384749159112e-02
1.783125000000000071e+01 2.469993618866747620e-02
1.784531250000000213e+01 2.466615808157629139e-02
1.785937500000000000e+01 2.463247923199683026e-02
1.787343750000000142e+01 2.459889934623513130e-02
1.788749999999999929e+01 2.456541813135450919e-02
1.790156250000000071e+01 2.453203529529971588e-02
1.791562500000000213e+01 2.449875054690922940e-02
1.792968750000000000e+01 2.446556359581676665e-02
1.794375000000000142e+01 2.443247415224926444e-02
1.795781249999999929e+01 2.439948192673422125e-02
1.797187500000000071e+01 2.436658662973329587e-02
1.798593750000000213e+01 2.433378797122076956e-02
1.800000000000000000e+01 2.430108566022566585e-02
1.801406250000000142e+01 2.426847940435437542e-02
1.802812499999999929e+01 2.423596890930731010e-02
1.804218750000000071e+01 2.420355387839915468e-02
1.805625000000000213e+01 2.417123401208793460e-02
1.807031250000000000e+01 2.413900900751506096e-02
1.808437500000000142e+01 2.410687855805555835e-02
1.809843749999999929e+01 2.407484235287765326e-02
1.811250000000000071e+01 2.404290007651111935e-02
1.812656250000000213e+01 2.401105140842616642e-02
1.814062500000000000e+01 2.397929602262751855e-02
1.815468750000000142e+01 2.394763358727109229e-02
1.816874999999999929e+01 2.391606376431294756e-02
1.818281250000000071e+01 2.388458620920098918e-02
1.819687500000000213e+01 2.385320057061900839e-02
1.821093750000000000e+01 2.382190649028986112e-02
1.822500000000000142e+01 2.379070360284021857e-02
1.823906249999999929e+01 2.375959153572415952e-02
1.825312500000000071e+01 2.372856990919730569e-02
1.826718750000000213e+01 2.369763833632834715e-02
1.828125000000000000e+01 2.366679642303154418e-02
1.829531250000000142e+01 2.363604376810236538e-02
1.830937499999999929e+01 2.360537996323927579e-02
1.832343750000000071e+01 2.357480459303774867e-02
1.833750000000000213e+01 2.354431723494730677e-02
1.835156250000000000e+01 2.351391745918811338e-02
1.836562500000000142e+01 2.348360482862991289e-02
1.837968749999999929e+01 2.345337889864145681e-02
1.839375000000000071e+01 2.342323921692354011e-02
1.840781250000000213e+01 2.339318532334161080e-02
1.842187500000000000e+01 2.336321674977552901e-02
1.843593750000000142e+01 2.333333302000437093e-02
1.844999999999999929e+01 2.330353364964267773e-02
1.846406250000000071e+01 2.327381814614257541e-02
1.847812500000000213e+01 2.324418600887347836e-02
1.849218750000000000e+01 2.321463672928790467e-02
1.850625000000000142e+01 2.318516979117886054e-02
1.852031249999999929e+01 2.315578467103085805e-02
1.853437500000000071e+01 2.312648083846384484e-02
1.854843750000000213e+01 2.309725775676619089e-02
1.856250000000000000e+01 2.306811488351028297e-02
1.857656250000000142e+01 2.303905167124216044e-02
1.859062499999999929e+01 2.301006756823437485e-02
1.860468750000000071e+01 2.298116201928976365e-02
1.861875000000000213e+01 2.295233446658265924e-02
1.863281250000000000e+01 2.292358435052300331e-02
1.864687500000000142e+01 2.289491111062825004e-02
1.866093749999999929e+01 2.286631418638792462e-02
1.867500000000000071e+01 2.283779301810552609e-02
1.868906250000000213e+01 2.280934704770343213e-02
1.870312500000000000e+01 2.278097571947751421e-02
1.871718750000000142e+01 2.275267848079004160e-02
1.873124999999999929e+01 2.272445478269172897e-02
1.874531250000000071e+01 2.269630408046677955e-02
1.875937500000000213e+01 2.266822583409756897e-02
1.877343750000000000e+01 2.264021950864879978e-02
1.878750000000000142e+01 2.261228457457356567e-02
1.880156249999999929e+01 2.258442050794608191e-02
1.881562500000000071e+01 2.255662679062736542e-02
1.882968750000000213e+01 2.252890291037150383e-02
1.884375000000000000e+01 2.250124836088050057e-02
1.885781250000000142e+01 2.247366264181600154e-02
1.887187499999999929e+01 2.244614525877623723e-02
1.888593750000000071e+01 2.241869572324594467e-02
1.890000000000000213e+01 2.239131355252674260e-02
1.891406250000000000e+01 2.236399826965429841e-02
1.892812500000000142e+01 2.233674940330767494e-02
1.894218749999999929e+01 2.230956648771456260e-02
1.895625000000000071e+01 2.228244906255456848e-02
1.897031250000000213e+01 2.225539667286079507e-02
1.898437500000000000e+01 2.222840886891861920e-02
1.899843750000000142e+01 2.220148520615924242e-02
1.901249999999999929e+01 2.217462524504514726e-02
1.902656250000000071e+01 2.214782855094448930e-02
1.904062500000000213e+01 2.212109469399220485e-02
1.905468750000000000e+01 2.209442324893656773e-02
1.906875000000000142e+01 2.206781379497119167e-02
1.908281249999999929e+01 2.204126591555362683e-02
1.909687500000000071e+01 2.201477919821294427e-02
1.911093750000000213e+01 2.198835323434939620e-02
1.912500000000000000e+01 2.196198761902967353e-02
1.913906250000000142e+01 2.193568195078196906e-02
1.915312499999999929e+01 2.190943583139456224e-02
1.916718750000000071e+01 2.188324886572234895e-02
1.918125000000000213e+01 2.185712066150498345e-02
1.919531250000000000e+01 2.183105082920043169e-02
1.920937500000000142e+01 2.180503898183719369e-02
1.922343749999999929e+01 2.177908473488796362e-02
1.923750000000000071e+01 2.175318770616666009e-02
1.925156250000000213e+01 2.172734751575008949e-02
1.926562500000000000e+01 2.170156378592455471e-02
1.927968750000000142e+01 2.167583614115711765e-02
1.929374999999999929e+01 2.165016420809044717e-02
1.930781250000000071e+01 2.162454761555993032e-02
1.932187500000000213e+01 2.159898599463132979e-02
1.933593750000000000e+01 2.157347897865709296e-02
1.935000000000000142e+01 2.154802620334910629e-02
1.936406249999999929e+01 2.152262730686525793e-02
1.937812500000000071e+01 2.149728192990637068e-02
1.939218750000000213e+01 2.147198971581935206e-02
1.940625000000000000e+01 2.144675031070122223e-02
1.942031250000000142e+01 2.142156336349783710e-02
1.943437499999999929e+01 2.139642852609017348e-02
1.944843750000000071e+01 2.137134545336099450e-02
1.946250000000000213e+01 2.134631380323462335e-02
1.947656250000000000e+01 2.132133323668372604e-02
1.949062500000000142e+01 2.129640341769826334e-02
1.950468749999999929e+01 2.127152401321385361e-02
1.951875000000000071e+01 2.124669469299908867e-02
1.953281250000000213e+01 2.122191512950383219e-02
1.954687500000000000e+01 2.119718499767266062e-02
1.956093750000000142e+01 2.117250397472973666e-02
1.957499999999999929e+01 2.114787173994276542e-02
1.958906250000000071e+01 2.112328797437472080e-02
1.960312500000000213e+01 2.109875236063212672e-02
1.961718750000000000e+01 2.107426458261875413e-02
1.963125000000000142e+01 2.104982432530274478e-02
1.964531249999999929e+01 2.102543127450408333e-02
1.965937500000000071e+01 2.100108511670846501e-02
1.967343750000000213e+01 2.097678553891187125e-02
1.968750000000000000e+01 2.095253222849920507e-02
1.970156250000000142e+01 2.092832487315894607e-02
1.971562499999999929e+01 2.090416316083459902e-02
1.972968750000000071e+01 2.088004677971284223e-02
1.974375000000000213e+01 2.085597541824730367e-02
1.975781250000000000e+01 2.083194876521608091e-02
1.977187500000000142e+01 2.080796650981078105e-02
1.978593749999999929e+01 2.078402834175395453e-02
1.980000000000000071e+01 2.076013395144175877e-02
1.981406250000000213e+01 2.073628303010831980e-02
1.982812500000000000e+01 2.071247527000795452e-02
1.984218750000000142e+01 2.068871036461171140e-02
1.985624999999999929e+01 2.066498800881443748e-02
1.987031250000000071e+01 2.064130789914890574e-02
1.988437500000000213e+01 2.061766973400358874e-02
1.989843750000000000e+01 2.059407321384116446e-02
1.991250000000000142e+01 2.057051804141465934e-02
1.992656249999999929e+01 2.054700392197887637e-02
1.994062500000000071e+01 2.052353056349447841e-02
1.995468750000000213e+01 2.050009767682273165e-02
1.996875000000000000e+01 2.047670497590870636e-02
1.998281250000000142e+01 2.045335217795116872e-02
1.999687499999999929e+01 2.043003900355730429e-02
2.001093750000000071e+01 2.040676517688073260e-02
