# Time Enstrophy
0.000000000000000000e+00 3.749879487809282264e-01
1.406250000000000035e-02 3.749913432478705344e-01
2.812500000000000069e-02 3.750101810292917337e-01
4.218750000000000278e-02 3.750444625401773702e-01
5.625000000000000139e-02 3.750941909592266921e-01
7.031250000000000000e-02 3.751593722221950866e-01
8.437500000000000555e-02 3.752400150144765689e-01
9.843749999999999722e-02 3.753361307629361487e-01
1.125000000000000028e-01 3.754477336269985699e-01
1.265624999999999944e-01 3.755748404890074665e-01
1.406250000000000000e-01 3.757174709438650950e-01
1.546875000000000056e-01 3.758756472879700716e-01
1.687500000000000111e-01 3.760493945074665501e-01
1.828125000000000167e-01 3.762387402658252666e-01
1.968749999999999944e-01 3.764437148907729958e-01
2.109375000000000000e-01 3.766643513605931748e-01
2.250000000000000056e-01 3.769006852898192372e-01
2.390625000000000111e-01 3.771527549143433022e-01
2.531249999999999889e-01 3.774206010759655339e-01
2.671875000000000222e-01 3.777042672064099271e-01
2.812500000000000000e-01 3.780037993108326111e-01
2.953125000000000333e-01 3.783192459508515348e-01
3.093750000000000111e-01 3.786506582271259580e-01
3.234374999999999889e-01 3.789980897615132793e-01
3.375000000000000222e-01 3.793615966788380645e-01
3.515625000000000000e-01 3.797412375882985858e-01
3.656250000000000333e-01 3.801370735645470678e-01
3.796875000000000111e-01 3.805491681284722816e-01
3.937499999999999889e-01 3.809775872277181841e-01
4.078125000000000222e-01 3.814223992169720745e-01
4.218750000000000000e-01 3.818836748380525781e-01
4.359375000000000333e-01 3.823614871998313181e-01
4.500000000000000111e-01 3.828559117580226379e-01
4.640624999999999889e-01 3.833670262948712937e-01
4.781250000000000222e-01 3.838949108987722569e-01
4.921875000000000000e-01 3.844396479438543235e-01
5.062499999999999778e-01 3.850013220695592819e-01
5.203125000000000666e-01 3.855800201602476163e-01
5.343750000000000444e-01 3.861758313248622176e-01
5.484375000000000222e-01 3.867888468766794707e-01
5.625000000000000000e-01 3.874191603131765804e-01
5.765624999999999778e-01 3.880668672960450039e-01
5.906250000000000666e-01 3.887320656313765221e-01
6.046875000000000444e-01 3.894148552500492633e-01
6.187500000000000222e-01 3.901153381883375459e-01
6.328125000000000000e-01 3.908336185687737441e-01
6.468749999999999778e-01 3.915698025812802685e-01
6.609375000000000666e-01 3.923239984645993106e-01
6.750000000000000444e-01 3.930963164880362237e-01
6.890625000000000222e-01 3.938868689335399687e-01
7.031250000000000000e-01 3.946957700781353884e-01
7.171874999999999778e-01 3.955231361767261311e-01
7.312500000000000666e-01 3.963690854452834866e-01
7.453125000000000444e-01 3.972337380444317390e-01
7.593750000000000222e-01 3.981172160634469659e-01
7.734375000000000000e-01 3.990196435046751144e-01
7.874999999999999778e-01 3.999411462683809537e-01
8.015625000000000666e-01 4.008818521380346223e-01
8.156250000000000444e-01 4.018418907660414874e-01
8.296875000000000222e-01 4.028213936599180922e-01
8.437500000000000000e-01 4.038204941689187422e-01
8.578124999999999778e-01 4.048393274711115097e-01
8.718750000000000666e-01 4.058780305609037131e-01
8.859375000000000444e-01 4.069367422370141485e-01
9.000000000000000222e-01 4.080156030908872467e-01
9.140625000000000000e-01 4.091147554955441579e-01
9.281249999999999778e-01 4.102343435948632155e-01
9.421875000000000666e-01 4.113745132932797866e-01
9.562500000000000444e-01 4.125354122458965156e-01
9.703125000000000222e-01 4.137171898489906408e-01
9.843750000000000000e-01 4.149199972309064455e-01
9.984374999999999778e-01 4.161439872433145837e-01
1.012499999999999956e+00 4.173893144528273424e-01
1.026562500000000044e+00 4.186561351329460834e-01
1.040625000000000133e+00 4.199446072563269849e-01
1.054687500000000000e+00 4.212548904873417710e-01
1.068750000000000089e+00 4.225871461749132196e-01
1.082812499999999956e+00 4.239415373456028036e-01
1.096875000000000044e+00 4.253182286969272585e-01
1.110937500000000133e+00 4.267173865908790442e-01
1.125000000000000000e+00 4.281391790476244408e-01
1.139062500000000089e+00 4.295837757393553558e-01
1.153124999999999956e+00 4.310513479842649209e-01
1.167187500000000044e+00 4.325420687406211773e-01
1.181250000000000133e+00 4.340561126009089277e-01
1.195312500000000000e+00 4.355936557860118352e-01
1.209375000000000089e+00 4.371548761394047355e-01
1.223437499999999956e+00 4.387399531213255766e-01
1.237500000000000044e+00 4.403490678028987304e-01
1.251562500000000133e+00 4.419824028601772037e-01
1.265625000000000000e+00 4.436401425680739363e-01
1.279687500000000089e+00 4.453224727941523242e-01
1.293749999999999956e+00 4.470295809922434915e-01
1.307812500000000044e+00 4.487616561958627237e-01
1.321875000000000133e+00 4.505188890113908107e-01
1.335937500000000000e+00 4.523014716109947653e-01
1.350000000000000089e+00 4.541095977252543880e-01
1.364062499999999956e+00 4.559434626354685327e-01
1.378125000000000044e+00 4.578032631656100970e-01
1.392187500000000133e+00 4.596891976739038155e-01
1.406250000000000000e+00 4.616014660439990980e-01
1.420312500000000089e+00 4.635402696757102703e-01
1.434374999999999956e+00 4.655058114753015674e-01
1.448437500000000044e+00 4.674982958452894577e-01
1.462500000000000133e+00 4.695179286737417579e-01
1.476562500000000000e+00 4.715649173230501701e-01
1.490625000000000089e+00 4.736394706181550340e-01
1.504687499999999956e+00 4.757417988342047543e-01
1.518750000000000044e+00 4.778721136836298067e-01
1.532812500000000133e+00 4.800306283026180010e-01
1.546875000000000000e+00 4.822175572369731267e-01
1.560937500000000089e+00 4.844331164273467660e-01
1.574999999999999956e+00 4.866775231938300639e-01
1.589062500000000044e+00 4.889509962199003468e-01
1.603125000000000133e+00 4.912537555357089358e-01
1.617187500000000000e+00 4.935860225007128732e-01
1.631250000000000089e+00 4.959480197856412920e-01
1.645312499999999956e+00 4.983399713538014253e-01
1.659375000000000044e+00 5.007621024417205913e-01
1.673437500000000133e+00 5.032146395391341454e-01
1.687500000000000000e+00 5.056978103683225090e-01
1.701562500000000089e+00 5.082118438628075996e-01
1.715624999999999956e+00 5.107569701454226507e-01
1.729687500000000044e+00 5.133334205057688004e-01
1.743750000000000133e+00 5.159414273770772663e-01
1.757812500000000000e+00 5.185812243124985343e-01
1.771875000000000089e+00 5.212530459608448741e-01
1.785937499999999956e+00 5.239571280418106047e-01
1.800000000000000044e+00 5.266937073207063058e-01
1.814062500000000133e+00 5.294630215827412778e-01
1.828125000000000000e+00 5.322653096068932221e-01
1.842187500000000089e+00 5.351008111394126576e-01
1.856249999999999956e+00 5.379697668670100352e-01
1.870312500000000044e+00 5.408724183897821725e-01
1.884375000000000133e+00 5.438090081939379594e-01
1.898437500000000000e+00 5.467797796243937247e-01
1.912500000000000089e+00 5.497849768573086493e-01
1.926562499999999956e+00 5.528248448726476028e-01
1.940625000000000044e+00 5.558996294268596650e-01
1.954687500000000133e+00 5.590095770257732521e-01
1.968750000000000000e+00 5.621549348978167604e-01
1.982812500000000089e+00 5.653359509676898487e-01
1.996874999999999956e+00 5.685528738306142582e-01
2.010937500000000266e+00 5.718059527273127163e-01
2.024999999999999911e+00 5.750954375198761293e-01
2.039062500000000000e+00 5.784215786686930372e-01
2.053125000000000089e+00 5.817846272106350636e-01
2.067187500000000178e+00 5.851848347387047511e-01
2.081250000000000266e+00 5.886224533833752659e-01
2.095312499999999911e+00 5.920977357958663312e-01
2.109375000000000000e+00 5.956109351336276170e-01
2.123437500000000089e+00 5.991623050483163571e-01
2.137500000000000178e+00 6.027520996765824979e-01
2.151562500000000266e+00 6.063805736339988872e-01
2.165624999999999911e+00 6.100479820124977692e-01
2.179687500000000000e+00 6.137545803816979451e-01
2.193750000000000089e+00 6.175006247945434845e-01
2.207812500000000178e+00 6.212863717976899736e-01
2.221875000000000266e+00 6.251120784471106973e-01
2.235937499999999911e+00 6.289780023294218037e-01
2.250000000000000000e+00 6.328844015894568020e-01
2.264062500000000089e+00 6.368315349646441748e-01
2.278125000000000178e+00 6.408196618267827382e-01
2.292187500000000266e+00 6.448490422318309268e-01
2.306249999999999911e+00 6.489199369783589244e-01
2.320312500000000000e+00 6.530326076753478759e-01
2.334375000000000089e+00 6.571873168200460524e-01
2.348437500000000178e+00 6.613843278866237130e-01
2.362500000000000266e+00 6.656239054264021515e-01
2.376562499999999911e+00 6.699063151804572902e-01
2.390625000000000000e+00 6.742318242054350375e-01
2.404687500000000089e+00 6.786007010134396111e-01
2.418750000000000178e+00 6.830132157268897775e-01
2.432812500000000266e+00 6.874696402492643799e-01
2.446874999999999911e+00 6.919702484526902841e-01
2.460937500000000000e+00 6.965153163833529559e-01
2.475000000000000089e+00 7.011051224857385300e-01
2.489062500000000178e+00 7.057399478467443199e-01
2.503125000000000266e+00 7.104200764607256913e-01
2.517187499999999911e+00 7.151457955165697600e-01
2.531250000000000000e+00 7.199173957079226804e-01
2.545312500000000089e+00 7.247351715677148309e-01
2.559375000000000178e+00 7.295994218281708354e-01
2.573437500000000266e+00 7.345104498075052391e-01
2.587499999999999911e+00 7.394685638245485082e-01
2.601562500000000000e+00 7.444740776425704532e-01
2.615625000000000089e+00 7.495273109436006997e-01
2.629687500000000178e+00 7.546285898345825860e-01
2.643750000000000266e+00 7.597782473867311648e-01
2.657812499999999911e+00 7.649766242094973023e-01
2.671875000000000000e+00 7.702240690605878237e-01
2.685937500000000089e+00 7.755209394935245193e-01
2.700000000000000178e+00 7.808676025442728985e-01
2.714062500000000266e+00 7.862644354585226480e-01
2.728124999999999911e+00 7.917118264612411638e-01
2.742187500000000000e+00 7.972101755701883619e-01
2.756250000000000089e+00 8.027598954551298238e-01
2.770312500000000178e+00 8.083614123445514998e-01
2.784375000000000266e+00 8.140151669817430324e-01
2.798437499999999911e+00 8.197216156321893710e-01
2.812500000000000000e+00 8.254812311442834005e-01
2.826562500000000089e+00 8.312945040654560191e-01
2.840625000000000178e+00 8.371619438158983684e-01
2.854687500000000266e+00 8.430840799221483994e-01
2.868749999999999911e+00 8.490614633129085487e-01
2.882812500000000000e+00 8.550946676795507795e-01
2.896875000000000089e+00 8.611842909038798233e-01
2.910937500000000178e+00 8.673309565558184886e-01
2.925000000000000266e+00 8.735353154637734985e-01
2.939062499999999911e+00 8.797980473605249152e-01
2.953125000000000000e+00 8.861198626075430518e-01
2.967187500000000089e+00 8.925015040006618605e-01
2.981250000000000178e+00 8.989437486600193594e-01
2.995312500000000266e+00 9.054474100070939446e-01
3.009374999999999911e+00 9.120133398315162232e-01
3.023437500000000000e+00 9.186424304500915294e-01
3.037500000000000089e+00 9.253356169601608672e-01
3.051562500000000178e+00 9.320938795890116868e-01
3.065625000000000266e+00 9.389182461405956026e-01
3.079687499999999911e+00 9.458097945402972329e-01
3.093750000000000000e+00 9.527696554779916394e-01
3.107812500000000089e+00 9.597990151491568867e-01
3.121875000000000178e+00 9.668991180934078944e-01
3.135937500000000266e+00 9.740712701295504150e-01
3.149999999999999911e+00 9.813168413860908768e-01
3.164062500000000000e+00 9.886372694261348348e-01
3.178125000000000089e+00 9.960340624656577324e-01
3.192187500000000178e+00 1.003508802684234258e+00
3.206250000000000266e+00 1.011063149627291491e+00
3.220312499999999911e+00 1.018698843698704781e+00
3.234375000000000000e+00 1.026417709741898943e+00
3.248437500000000089e+00 1.034221660706365675e+00
3.262500000000000178e+00 1.042112701394498409e+00
3.276562500000000266e+00 1.050092932280699998e+00
3.290624999999999911e+00 1.058164553390744889e+00
3.304687500000000000e+00 1.066329868224277444e+00
3.318750000000000089e+00 1.074591287697120423e+00
3.332812500000000178e+00 1.082951334072811633e+00
3.346875000000000266e+00 1.091412644844608870e+00
3.360937499999999911e+00 1.099977976520327694e+00
3.375000000000000000e+00 1.108650208253116221e+00
3.389062500000000089e+00 1.117432345251887948e+00
3.403125000000000178e+00 1.126327521896159034e+00
3.417187500000000266e+00 1.135339004471770830e+00
3.431249999999999911e+00 1.144470193436965433e+00
3.445312500000000000e+00 1.153724625122914293e+00
3.459375000000000089e+00 1.163105972769434393e+00
3.473437500000000178e+00 1.172618046795614877e+00
3.487500000000000266e+00 1.182264794206525860e+00
3.501562499999999911e+00 1.192050297041222340e+00
3.515625000000000000e+00 1.201978769773751843e+00
3.529687500000000089e+00 1.212054555587680049e+00
3.543750000000000178e+00 1.222282121455532611e+00
3.557812500000000266e+00 1.232666051967241660e+00
3.571874999999999911e+00 1.243211041866044919e+00
3.585937500000000000e+00 1.253921887266230328e+00
3.600000000000000089e+00 1.264803475544745037e+00
3.614062500000000178e+00 1.275860773918207292e+00
3.628125000000000266e+00 1.287098816738555307e+00
3.642187499999999911e+00 1.298522691564674147e+00
3.656250000000000000e+00 1.310137524093860861e+00
3.670312500000000089e+00 1.321948462065594132e+00
3.684375000000000178e+00 1.333960658279871314e+00
3.698437500000000266e+00 1.346179252901858803e+00
3.712499999999999911e+00 1.358609355251745310e+00
3.726562500000000000e+00 1.371256025300880976e+00
3.740625000000000089e+00 1.384124255109977497e+00
3.754687500000000178e+00 1.397218950449891750e+00
3.768750000000000266e+00 1.410544912838821663e+00
3.782812499999999911e+00 1.424106822211326451e+00
3.796875000000000000e+00 1.437909220405868105e+00
3.810937500000000089e+00 1.451956495621705034e+00
3.825000000000000178e+00 1.466252867957527517e+00
3.839062500000000266e+00 1.480802376108491192e+00
3.853124999999999911e+00 1.495608865269955068e+00
3.867187500000000000e+00 1.510675976277845001e+00
3.881250000000000089e+00 1.526007136006083620e+00
3.895312500000000178e+00 1.541605549034974043e+00
3.909375000000000266e+00 1.557474190589551499e+00
3.923437499999999911e+00 1.573615800708224599e+00
3.937500000000000000e+00 1.590032879522313980e+00
3.951562500000000089e+00 1.606727683391656836e+00
3.965625000000000178e+00 1.623702221444029981e+00
3.979687500000000266e+00 1.640958251814747193e+00
3.993749999999999911e+00 1.658497276605473747e+00
4.007812500000000000e+00 1.676320534328718637e+00
4.021875000000000533e+00 1.694428988448972051e+00
4.035937500000000178e+00 1.712823310659449927e+00
4.049999999999999822e+00 1.731503857831989235e+00
4.064062500000000355e+00 1.750470642214202899e+00
4.078125000000000000e+00 1.769723295446071543e+00
4.092187500000000533e+00 1.789261028282475463e+00
4.106250000000000178e+00 1.809082589405193620e+00
4.120312499999999822e+00 1.829186228158040661e+00
4.134375000000000355e+00 1.849569667128688533e+00
4.148437500000000000e+00 1.870230090870159456e+00
4.162500000000000533e+00 1.891164156363085436e+00
4.176562500000000178e+00 1.912368028834271705e+00
4.190624999999999822e+00 1.933837443245484788e+00
4.204687500000000355e+00 1.955567787424405513e+00
4.218750000000000000e+00 1.977554198044277900e+00
4.232812500000000533e+00 1.999791656391111339e+00
4.246875000000000178e+00 2.022275068171259793e+00
4.260937499999999822e+00 2.044999311510531825e+00
4.275000000000000355e+00 2.067959240395060405e+00
4.289062500000000000e+00 2.091149637050343291e+00
4.303125000000000533e+00 2.114565115269450679e+00
4.317187500000000178e+00 2.138199985851433560e+00
4.331249999999999822e+00 2.162048103045286496e+00
4.345312500000000355e+00 2.186102715293177567e+00
4.359375000000000000e+00 2.210356343445776695e+00
4.373437500000000533e+00 2.234800704981449559e+00
4.387500000000000178e+00 2.259426694860066753e+00
4.401562499999999822e+00 2.284224424619854421e+00
4.415625000000000355e+00 2.309183313443416541e+00
4.429687500000000000e+00 2.334292219708197003e+00
4.443750000000000533e+00 2.359539599229378393e+00
4.457812500000000178e+00 2.384913675962598845e+00
4.471874999999999822e+00 2.410402610753339836e+00
4.485937500000000355e+00 2.435994652712881958e+00
4.500000000000000000e+00 2.461678256319290270e+00
4.514062500000000533e+00 2.487442147332826536e+00
4.528125000000000178e+00 2.513275324735696703e+00
4.542187499999999822e+00 2.539166995870142607e+00
4.556250000000000355e+00 2.565106456909150623e+00
4.570312500000000000e+00 2.591082946757914840e+00
4.584375000000000533e+00 2.617085513432720667e+00
4.598437500000000178e+00 2.643102932495905222e+00
4.612499999999999822e+00 2.669123705422758785e+00
4.626562500000000355e+00 2.695136145101725500e+00
4.640625000000000000e+00 2.721128533133436278e+00
4.654687500000000533e+00 2.747089316622330024e+00
4.668750000000000178e+00 2.773007304894417935e+00
4.682812499999999822e+00 2.798871828720008281e+00
4.696875000000000355e+00 2.824672833149786122e+00
4.710937500000000000e+00 2.850400886833622582e+00
4.725000000000000533e+00 2.876047103329975041e+00
4.739062500000000178e+00 2.901602981108859947e+00
4.753124999999999822e+00 2.927060176418518900e+00
4.767187500000000355e+00 2.952410226932593140e+00
4.781250000000000000e+00 2.977644248416198458e+00
4.795312500000000533e+00 3.002752637507231537e+00
4.809375000000000178e+00 3.027724831395653737e+00
4.823437499999999822e+00 3.052549189129569740e+00
4.837500000000000355e+00 3.077213052846605734e+00
4.851562500000000000e+00 3.101703011530459353e+00
4.865625000000000533e+00 3.126005334798348301e+00
4.879687500000000178e+00 3.150106494641771615e+00
4.893749999999999822e+00 3.173993671774296477e+00
4.907812500000000355e+00 3.197655155586499376e+00
4.921875000000000000e+00 3.221080580621270784e+00
4.935937500000000533e+00 3.244260982109197222e+00
4.950000000000000178e+00 3.267188690476073187e+00
4.964062499999999822e+00 3.289857118658054524e+00
4.978125000000000355e+00 3.312260522988169420e+00
4.992187500000000000e+00 3.334393828499164769e+00
5.006250000000000533e+00 3.356252593257769590e+00
5.020312500000000178e+00 3.377833144420621547e+00
5.034374999999999822e+00 3.399132863878794986e+00
5.048437500000000355e+00 3.420150551572054720e+00
5.062500000000000000e+00 3.440886764198635372e+00
5.076562500000000533e+00 3.461344023330890529e+00
5.090625000000000178e+00 3.481526810579683939e+00
5.104687499999999822e+00 3.501441313156909096e+00
5.118750000000000355e+00 3.521094939153262882e+00
5.132812500000000000e+00 3.540495671684148249e+00
5.146875000000000533e+00 3.559651360283640820e+00
5.160937500000000178e+00 3.578569051175092497e+00
5.174999999999999822e+00 3.597254440761522787e+00
5.189062500000000355e+00 3.615711509819611091e+00
5.203125000000000000e+00 3.633942368513452426e+00
5.217187500000000533e+00 3.651947318129612263e+00
5.231250000000000178e+00 3.669725114370860908e+00
5.245312499999999822e+00 3.687273399038033084e+00
5.259375000000000355e+00 3.704589253447224007e+00
5.273437500000000000e+00 3.721669820036086485e+00
5.287500000000000533e+00 3.738512939159665649e+00
5.301562500000000178e+00 3.755117754865448632e+00
5.315624999999999822e+00 3.771485253795615833e+00
5.329687500000000355e+00 3.787618712486718220e+00
5.343750000000000000e+00 3.803524038436358445e+00
5.357812500000000533e+00 3.819209998815660256e+00
5.371875000000000178e+00 3.834688337497227373e+00
5.385937499999999822e+00 3.849973785629656753e+00
5.400000000000000355e+00 3.865083972718907468e+00
5.414062500000000000e+00 3.880039244745335125e+00
5.428125000000000533e+00 3.894862395986701920e+00
5.442187500000000178e+00 3.909578325319209124e+00
5.456249999999999822e+00 3.924213636843802533e+00
5.470312500000000355e+00 3.938796215513121979e+00
5.484375000000000000e+00 3.953354815192304805e+00
5.498437500000000533e+00 3.967918695128221707e+00
5.512500000000000178e+00 3.982517331882180045e+00
5.526562499999999822e+00 3.997180222007972183e+00
5.540625000000000355e+00 4.011936779811920317e+00
5.554687500000000000e+00 4.026816323041998658e+00
5.568750000000000533e+00 4.041848122021420409e+00
5.582812500000000178e+00 4.057061462207412816e+00
5.596874999999999822e+00 4.072485644496692814e+00
5.610937500000000355e+00 4.088149840911508903e+00
5.625000000000000000e+00 4.104082755094778712e+00
5.639062500000000533e+00 4.120312109334583361e+00
5.653125000000000178e+00 4.136864064250098671e+00
5.667187499999999822e+00 4.153762721557685111e+00
5.681250000000000355e+00 4.171029819001054406e+00
5.695312500000000000e+00 4.188684600638106659e+00
5.709375000000000533e+00 4.206743701056746332e+00
5.723437500000000178e+00 4.225220820927434673e+00
5.737499999999999822e+00 4.244126064395486786e+00
5.751562500000000355e+00 4.263465033320642306e+00
5.765625000000000000e+00 4.283238008534938857e+00
5.779687500000000533e+00 4.303439644098592254e+00
5.793750000000000178e+00 4.324059476557464698e+00
5.807812499999999822e+00 4.345083254589511057e+00
5.821875000000000355e+00 4.366494773723081479e+00
5.835937500000000000e+00 4.388277714482114789e+00
5.850000000000000533e+00 4.410417006616875746e+00
5.864062500000000178e+00 4.432899438379826584e+00
5.878124999999999822e+00 4.455713484900230448e+00
5.892187500000000355e+00 4.478848532713309183e+00
5.906250000000000000e+00 4.502293778268336766e+00
5.920312500000000533e+00 4.526037093411042989e+00
5.934375000000000178e+00 4.550064125295977036e+00
5.948437499999999822e+00 4.574357860152661992e+00
5.962500000000000355e+00 4.598898824522690276e+00
5.976562500000000000e+00 4.623666000586778679e+00
5.990625000000000533e+00 4.648638379693656120e+00
6.004687500000000178e+00 4.673796886436185183e+00
6.018749999999999822e+00 4.699126232647984125e+00
6.032812500000000355e+00 4.724616199249318527e+00
6.046875000000000000e+00 4.750261977898089683e+00
6.060937500000000533e+00 4.776063534195690963e+00
6.075000000000000178e+00 4.802024348029887868e+00
6.089062499999999822e+00 4.828150130052177857e+00
6.103125000000000355e+00 4.854448050503689771e+00
6.117187500000000000e+00 4.880926674863218295e+00
6.131250000000000533e+00 4.907596382366194554e+00
6.145312500000000178e+00 4.934469785869842084e+00
6.159374999999999822e+00 4.961561692957144665e+00
6.173437500000000355e+00 4.988888392802567573e+00
6.187500000000000000e+00 5.016466354908112102e+00
6.201562500000000533e+00 5.044310623933121462e+00
6.215625000000000178e+00 5.072433226249779992e+00
6.229687499999999822e+00 5.100841821953654431e+00
6.243750000000000355e+00 5.129538751596721013e+00
6.257812500000000000e+00 5.158520608163259524e+00
6.271875000000000533e+00 5.187778472868863844e+00
6.285937500000000178e+00 5.217298876917519479e+00
6.299999999999999822e+00 5.247065325506055089e+00
6.314062500000000355e+00 5.277059924901829291e+00
6.328125000000000000e+00 5.307264485308213153e+00
6.342187500000000533e+00 5.337660596679993930e+00
6.356250000000000178e+00 5.368228578357041592e+00
6.370312499999999822e+00 5.398945681399470509e+00
6.384375000000000355e+00 5.429784215565309324e+00
6.398437500000000000e+00 5.460710244208025976e+00
6.412500000000000533e+00 5.491683204242825411e+00
6.426562500000000178e+00 5.522656461289305874e+00
6.440624999999999822e+00 5.553578583942062608e+00
6.454687500000000355e+00 5.584395073471545068e+00
6.468750000000000000e+00 5.615050345516539920e+00
6.482812500000000533e+00 5.645489812673832652e+00
6.496875000000000178e+00 5.675661897384529198e+00
6.510937499999999822e+00 5.705519741622849139e+00
6.525000000000000355e+00 5.735022354311559489e+00
6.539062500000000000e+00 5.764135000456041880e+00
6.553125000000000533e+00 5.792828762730680481e+00
6.567187500000000178e+00 5.821079328984520629e+00
6.581249999999999822e+00 5.848865145276795019e+00
6.595312500000000355e+00 5.876165159409771022e+00
6.609375000000000000e+00 5.902956512640384901e+00
6.623437500000000533e+00 5.929212689567044059e+00
6.637500000000000178e+00 5.954902688275895528e+00
6.651562499999999822e+00 5.979991605750937467e+00
6.665625000000000355e+00 6.004442653116536022e+00
6.679687500000000000e+00 6.028220186592989194e+00
6.693750000000000533e+00 6.051293088991145375e+00
6.707812500000000178e+00 6.073637893765880591e+00
6.721874999999999822e+00 6.095241354567132674e+00
6.735937500000000355e+00 6.116102527985512793e+00
6.750000000000000000e+00 6.136234640014530228e+00
6.764062500000000533e+00 6.155666940265815512e+00
6.778125000000000178e+00 6.174446461108258788e+00
6.792187499999999822e+00 6.192639257859338109e+00
6.806250000000000355e+00 6.210330502335677849e+00
6.820312500000000000e+00 6.227622855701970828e+00
6.834375000000000533e+00 6.244632852939151491e+00
6.848437500000000178e+00 6.261485477665967636e+00
6.862499999999999822e+00 6.278307543659623846e+00
6.876562500000000355e+00 6.295220811120422866e+00
6.890625000000000000e+00 6.312335880372965669e+00
6.904687500000000533e+00 6.329747776330021836e+00
6.918750000000000178e+00 6.347533748518145558e+00
6.932812499999999822e+00 6.365753239838912947e+00
6.946875000000000355e+00 6.384449429317852420e+00
6.960937500000000000e+00 6.403651493006721651e+00
6.975000000000000533e+00 6.423376892728747123e+00
6.989062500000000178e+00 6.443633466591267123e+00
7.003124999999999822e+00 6.464421507428465219e+00
7.017187500000000355e+00 6.485736046311300740e+00
7.031250000000000000e+00 6.507569171235003225e+00
7.045312500000000533e+00 6.529911731440428468e+00
7.059375000000000178e+00 6.552753671285163506e+00
7.073437499999999822e+00 6.576082743545310194e+00
7.087500000000000355e+00 6.599882256988497176e+00
7.101562500000000000e+00 6.624129259187661489e+00
7.115625000000000533e+00 6.648794621733145505e+00
7.129687500000000178e+00 6.673845772622235550e+00
7.143749999999999822e+00 6.699251702242571049e+00
7.157812500000000355e+00 6.724988972240777407e+00
7.171875000000000000e+00 6.751047177888679585e+00
7.185937500000000533e+00 6.777432578253955953e+00
7.200000000000000178e+00 6.804169041187383193e+00
7.214062499999999822e+00 6.831295828186087604e+00
7.228125000000000355e+00 6.858862228555029361e+00
7.242187500000000000e+00 6.886919903139516741e+00
7.256250000000000533e+00 6.915514858918582419e+00
7.270312500000000178e+00 6.944681566051725596e+00
7.284374999999999822e+00 6.974441183645525122e+00
7.298437500000000355e+00 7.004804219155386313e+00
7.312500000000000000e+00 7.035776068329314903e+00
7.326562500000000533e+00 7.067362827266510550e+00
7.340625000000000178e+00 7.099574998295848260e+00
7.354687499999999822e+00 7.132427833681713736e+00
7.368750000000000355e+00 7.165938295274617786e+00
7.382812500000000000e+00 7.200119480641042458e+00
7.396875000000000533e+00 7.234973932467235969e+00
7.410937500000000178e+00 7.270487689275428878e+00
7.424999999999999822e+00 7.306627085510275066e+00
7.439062500000000355e+00 7.343339723504501038e+00
7.453125000000000000e+00 7.380559564224392410e+00
7.467187500000000533e+00 7.418214288975825355e+00
7.481250000000000178e+00 7.456232042315646069e+00
7.495312499999999822e+00 7.494545166194374275e+00
7.509375000000000355e+00 7.533090380413097087e+00
7.523437500000000000e+00 7.571806889490449777e+00
7.537500000000000533e+00 7.610634779152290363e+00
7.551562500000000178e+00 7.649515328244268275e+00
7.565624999999999822e+00 7.688393233204134702e+00
7.579687500000000355e+00 7.727219558800383581e+00
7.593750000000000000e+00 7.765954339728382116e+00
7.607812500000000533e+00 7.804568843196538097e+00
7.621875000000000178e+00 7.843048397594797549e+00
7.635937499999999822e+00 7.881396436514772397e+00
7.650000000000000355e+00 7.919639067436106572e+00
7.664062500000000000e+00 7.957828022969676063e+00
7.678125000000000533e+00 7.996039357644038503e+00
7.692187500000000178e+00 8.034366194589891208e+00
7.706249999999999822e+00 8.072905932265880935e+00
7.720312500000000355e+00 8.111744714244846222e+00
7.734375000000000000e+00 8.150943469257603269e+00
7.748437500000000533e+00 8.190529546244917469e+00
7.762500000000000178e+00 8.230495926619198599e+00
7.776562499999999822e+00 8.270807249680775186e+00
7.790625000000000355e+00 8.311409841653842889e+00
7.804687500000000000e+00 8.352242438363948196e+00
7.818750000000000533e+00 8.393245212714361969e+00
7.832812500000000178e+00 8.434366210837806577e+00
7.846874999999999822e+00 8.475565368937338917e+00
7.860937500000000355e+00 8.516816405896861397e+00
7.875000000000000000e+00 8.558106402642618349e+00
7.889062500000000533e+00 8.599432753950248198e+00
7.903125000000000178e+00 8.640798098801152349e+00
7.917187499999999822e+00 8.682205323516285489e+00
7.931250000000000355e+00 8.723655302064758033e+00
7.945312500000000000e+00 8.765148564563107314e+00
7.959375000000000533e+00 8.806689160156400575e+00
7.973437500000000178e+00 8.848286743559587109e+00
7.987499999999999822e+00 8.889953283316733845e+00
8.001562500000000355e+00 8.931693746012729918e+00
8.015625000000000000e+00 8.973493695847018614e+00
8.029687499999999645e+00 9.015308706071184730e+00
8.043750000000001066e+00 9.057059957349293811e+00
8.057812500000000711e+00 9.098638279980983512e+00
8.071875000000000355e+00 9.139916678597405308e+00
8.085937500000000000e+00 9.180769787076151545e+00
8.099999999999999645e+00 9.221097345911623222e+00
8.114062500000001066e+00 9.260847099512121261e+00
8.128125000000000711e+00 9.300030892812740646e+00
8.142187500000000355e+00 9.338727675288421182e+00
8.156250000000000000e+00 9.377069865973201246e+00
8.170312499999999645e+00 9.415214786388016677e+00
8.184375000000001066e+00 9.453308555488465714e+00
8.198437500000000711e+00 9.491453260745107201e+00
8.212500000000000355e+00 9.529687551839241877e+00
8.226562500000000000e+00 9.567986038521496539e+00
8.240624999999999645e+00 9.606275854013347271e+00
8.254687500000001066e+00 9.644462426152763612e+00
8.268750000000000711e+00 9.682453680574443666e+00
8.282812500000000355e+00 9.720173882684742139e+00
8.296875000000000000e+00 9.757564150610907205e+00
8.310937499999999645e+00 9.794573456710789827e+00
8.325000000000001066e+00 9.831148250324202920e+00
8.339062500000000711e+00 9.867228516399499938e+00
8.353125000000000355e+00 9.902753506157452534e+00
8.367187500000000000e+00 9.937674274788124151e+00
8.381249999999999645e+00 9.971965984658069715e+00
8.395312500000001066e+00 1.000563280433388158e+01
8.409375000000000711e+00 1.003870192859302080e+01
8.423437500000000355e+00 1.007120860442821098e+01
8.437500000000000000e+00 1.010317824009658594e+01
8.451562499999999645e+00 1.013461255548255835e+01
8.465625000000001066e+00 1.016548389275445885e+01
8.479687500000000711e+00 1.019573689730633959e+01
8.493750000000000355e+00 1.022529272973973669e+01
8.507812500000000000e+00 1.025405024320509284e+01
8.521874999999999645e+00 1.028188148565740612e+01
8.535937500000001066e+00 1.030862343517938484e+01
8.550000000000000711e+00 1.033407123421109297e+01
8.564062500000000355e+00 1.035797873638034439e+01
8.578125000000000000e+00 1.038007007486276478e+01
8.592187499999999645e+00 1.040006224134853419e+01
8.606250000000001066e+00 1.041769449074590348e+01
8.620312500000000711e+00 1.043275724179376951e+01
8.634375000000000355e+00 1.044511281602561326e+01
8.648437500000000000e+00 1.045470366252544991e+01
8.662499999999999645e+00 1.046154915028750132e+01
8.676562500000001066e+00 1.046573638360801439e+01
8.690625000000000711e+00 1.046741142421367243e+01
8.704687500000000355e+00 1.046677500842887198e+01
8.718750000000000000e+00 1.046408333233492094e+01
8.732812499999999645e+00 1.045965126281971536e+01
8.746875000000001066e+00 1.045385268087276387e+01
8.760937500000000711e+00 1.044711112530480079e+01
8.775000000000000355e+00 1.043987543584823463e+01
8.789062500000000000e+00 1.043258105526593837e+01
8.803124999999999645e+00 1.042560560821669569e+01
8.817187500000001066e+00 1.041923169460836185e+01
8.831250000000000711e+00 1.041362693199569733e+01
8.845312500000000355e+00 1.040884363947963109e+01
8.859375000000000000e+00 1.040483420277807980e+01
8.873437499999999645e+00 1.040147645409980726e+01
8.887500000000001066e+00 1.039860449765299322e+01
8.901562500000000711e+00 1.039604069303196354e+01
8.915625000000000355e+00 1.039362312108918118e+01
8.929687500000000000e+00 1.039122229067984549e+01
8.943749999999999645e+00 1.038874369194862801e+01
8.957812500000001066e+00 1.038611859584958275e+01
8.971875000000000711e+00 1.038329072027013389e+01
8.985937500000000355e+00 1.038020735892266444e+01
9.000000000000000000e+00 1.037681951196639396e+01
9.014062499999999645e+00 1.037308916222654709e+01
9.028125000000001066e+00 1.036899718271928705e+01
9.042187500000000711e+00 1.036454505151835903e+01
9.056250000000000355e+00 1.035974737870911255e+01
9.070312500000000000e+00 1.035461785149205127e+01
9.084374999999999645e+00 1.034915559856603551e+01
9.098437500000001066e+00 1.034333982524573869e+01
9.112500000000000711e+00 1.033713700975495087e+01
9.126562500000000355e+00 1.033051819791475978e+01
9.140625000000000000e+00 1.032347730288813992e+01
9.154687499999999645e+00 1.031603894109426989e+01
9.168750000000001066e+00 1.030824862228859473e+01
9.182812500000000711e+00 1.030014738406762476e+01
9.196875000000000355e+00 1.029174166555430503e+01
9.210937500000000000e+00 1.028298164424331773e+01
9.224999999999999645e+00 1.027375611504186459e+01
9.239062500000001066e+00 1.026390342859934179e+01
9.253125000000000711e+00 1.025323201466894574e+01
9.267187500000000355e+00 1.024154360418029341e+01
9.281250000000000000e+00 1.022865569580836720e+01
9.295312499999999645e+00 1.021442286675092603e+01
9.309375000000001066e+00 1.019875637851984429e+01
9.323437500000000711e+00 1.018163893261185393e+01
9.337500000000000355e+00 1.016312957511805237e+01
9.351562500000000000e+00 1.014335514105529867e+01
9.365624999999999645e+00 1.012248901614582586e+01
9.379687500000001066e+00 1.010072289256029876e+01
9.393750000000000711e+00 1.007823993711694044e+01
9.407812500000000355e+00 1.005519710036794478e+01
9.421875000000000000e+00 1.003172061726744779e+01
9.435937499999999645e+00 1.000791374483231522e+01
9.450000000000001066e+00 9.983871506190459044e+00
9.464062500000000711e+00 9.959695245107448969e+00
9.478125000000000355e+00 9.935500654020442468e+00
9.492187500000000000e+00 9.911416046144706726e+00
9.506249999999999645e+00 9.887571737601632549e+00
9.520312500000001066e+00 9.864084978388321545e+00
9.534375000000000711e+00 9.841046539720256447e+00
9.548437500000000355e+00 9.818514082624044903e+00
9.562500000000000000e+00 9.796514210884582852e+00
9.576562499999999645e+00 9.775051244272772166e+00
9.590625000000001066e+00 9.754118208604094065e+00
9.604687500000000711e+00 9.733705475319677447e+00
9.618750000000000355e+00 9.713804519450551567e+00
9.632812500000000000e+00 9.694406896658499306e+00
9.646874999999999645e+00 9.675500306252519778e+00
9.660937500000001066e+00 9.657064056945969810e+00
9.675000000000000711e+00 9.639065929941738275e+00
9.689062500000000355e+00 9.621462021996823211e+00
9.703125000000000000e+00 9.604200688423189192e+00
9.717187499999999645e+00 9.587230676448220024e+00
9.731250000000001066e+00 9.570511710047920673e+00
9.745312500000000711e+00 9.554023873376648268e+00
9.759375000000000355e+00 9.537771501860463630e+00
9.773437500000000000e+00 9.521778834688658932e+00
9.787499999999999645e+00 9.506077967825889985e+00
9.801562500000001066e+00 9.490693034515890858e+00
9.815625000000000711e+00 9.475626267468943098e+00
9.829687500000000355e+00 9.460850859207749153e+00
9.843750000000000000e+00 9.446312814538341485e+00
9.857812499999999645e+00 9.431940592802805057e+00
9.871875000000001066e+00 9.417658678302139208e+00
9.885937500000000711e+00 9.403400233766685545e+00
9.900000000000000355e+00 9.389114870166634930e+00
9.914062500000000000e+00 9.374769750288892922e+00
9.928124999999999645e+00 9.360344732146199220e+00
9.942187500000001066e+00 9.345824087333909347e+00
9.956250000000000711e+00 9.331187980923255409e+00
9.970312500000000355e+00 9.316406409727747473e+00
9.984375000000000000e+00 9.301437079555904930e+00
9.998437499999999645e+00 9.286227298233102445e+00
1.001250000000000107e+01 9.270718850339495276e+00
1.002656250000000071e+01 9.254854306708924838e+00
1.004062500000000036e+01 9.238583348546331564e+00
1.005468750000000000e+01 9.221868221510700181e+00
1.006874999999999964e+01 9.204688001110916673e+00
1.008281250000000107e+01 9.187041634432931758e+00
1.009687500000000071e+01 9.168949643788096182e+00
1.011093750000000036e+01 9.150454108681490339e+00
1.012500000000000000e+01 9.131616389026223857e+00
1.013906249999999964e+01 9.112512263465578854e+00
1.015312500000000107e+01 9.093224767939940278e+00
1.016718750000000071e+01 9.073835811853555811e+00
1.018125000000000036e+01 9.054418246616883437e+00
1.019531250000000000e+01 9.035030128107990777e+00
1.020937499999999964e+01 9.015712344429049452e+00
1.022343750000000107e+01 8.996489770037353395e+00
1.023750000000000071e+01 8.977375065855511593e+00
1.025156250000000036e+01 8.958373586245592435e+00
1.026562500000000000e+01 8.939487793037100616e+00
1.027968749999999964e+01 8.920720048125103219e+00
1.029375000000000107e+01 8.902073389303303941e+00
1.030781250000000071e+01 8.883550585648910314e+00
1.032187500000000036e+01 8.865152227269458507e+00
1.033593750000000000e+01 8.846874784637378752e+00
1.034999999999999964e+01 8.828709514634262234e+00
1.036406250000000107e+01 8.810642841453072194e+00
1.037812500000000071e+01 8.792658437169126984e+00
1.039218750000000036e+01 8.774740730692878188e+00
1.040625000000000000e+01 8.756879103454345170e+00
1.042031249999999964e+01 8.739071737120870154e+00
1.043437500000000107e+01 8.721328075482190911e+00
1.044843750000000071e+01 8.703669157698396219e+00
1.046250000000000036e+01 8.686125570103502724e+00
1.047656250000000000e+01 8.668733288554815175e+00
1.049062499999999964e+01 8.651528102341146109e+00
1.050468750000000107e+01 8.634539551454761153e+00
1.051875000000000071e+01 8.617785366612610076e+00
1.053281250000000036e+01 8.601267304525940460e+00
1.054687500000000000e+01 8.584969049012553199e+00
1.056093749999999964e+01 8.568856523057622354e+00
1.057500000000000107e+01 8.552880556207666629e+00
1.058906250000000071e+01 8.536981430869758469e+00
1.060312500000000036e+01 8.521094476443233035e+00
1.061718750000000000e+01 8.505155688726082630e+00
1.063124999999999964e+01 8.489106392817951985e+00
1.064531250000000107e+01 8.472896243901525182e+00
1.065937500000000071e+01 8.456484293917005957e+00
1.067343750000000036e+01 8.439838306777838639e+00
1.068750000000000000e+01 8.422932840617921357e+00
1.070156249999999964e+01 8.405746751410191564e+00
1.071562500000000107e+01 8.388260718787801551e+00
1.072968750000000071e+01 8.370455237185403519e+00
1.074375000000000036e+01 8.352309354597503344e+00
1.075781250000000000e+01 8.333800332333414218e+00
1.077187499999999964e+01 8.314904326795506506e+00
1.078593750000000107e+01 8.295598100894221005e+00
1.080000000000000071e+01 8.275861615369898061e+00
1.081406250000000036e+01 8.255681143594181037e+00
1.082812500000000000e+01 8.235052367573853616e+00
1.084218749999999964e+01 8.213982831810355378e+00
1.085625000000000107e+01 8.192493203390723622e+00
1.087031250000000071e+01 8.170616998919348006e+00
1.088437500000000036e+01 8.148398730133575185e+00
1.089843750000000000e+01 8.125890711148901602e+00
1.091249999999999964e+01 8.103148993813540812e+00
1.092656250000000107e+01 8.080229012581774839e+00
1.094062500000000071e+01 8.057181514723705362e+00
1.095468750000000036e+01 8.034049241249366702e+00
1.096875000000000000e+01 8.010864648039721203e+00
1.098281249999999964e+01 7.987648767924647508e+00
1.099687500000000107e+01 7.964411159730576450e+00
1.101093750000000071e+01 7.941150791690003707e+00
1.102500000000000036e+01 7.917857655070063672e+00
1.103906250000000000e+01 7.894514872733125799e+00
1.105312499999999964e+01 7.871101036977272258e+00
1.106718750000000107e+01 7.847592487209167800e+00
1.108125000000000071e+01 7.823965249607338635e+00
1.109531250000000036e+01 7.800196437621776724e+00
1.110937500000000000e+01 7.776265057896832644e+00
1.112343749999999964e+01 7.752152347047862158e+00
1.113750000000000107e+01 7.727841919705774387e+00
1.115156250000000071e+01 7.703320076878742206e+00
1.116562500000000036e+01 7.678576573732202704e+00
1.117968750000000000e+01 7.653605986824896235e+00
1.119374999999999964e+01 7.628409598513226975e+00
1.120781250000000107e+01 7.602997494934102818e+00
1.122187500000000071e+01 7.577390416101454917e+00
1.123593750000000036e+01 7.551620847331367514e+00
1.125000000000000000e+01 7.525732919535506937e+00
1.126406249999999964e+01 7.499780881477978056e+00
1.127812500000000107e+01 7.473826181110233335e+00
1.129218750000000071e+01 7.447933485225941119e+00
1.130625000000000036e+01 7.422166207845940278e+00
1.132031250000000000e+01 7.396582246949884976e+00
1.133437499999999964e+01 7.371230609548222290e+00
1.134843750000000107e+01 7.346149434716124915e+00
1.136250000000000071e+01 7.321365638968410749e+00
1.137656250000000036e+01 7.296896075708989571e+00
1.139062500000000000e+01 7.272749803995678164e+00
1.140468749999999964e+01 7.248930877980674481e+00
1.141875000000000107e+01 7.225441041290644684e+00
1.143281250000000071e+01 7.202281834994051835e+00
1.144687500000000036e+01 7.179455849736543271e+00
1.146093750000000000e+01 7.156967091364913713e+00
1.147499999999999964e+01 7.134820611518058797e+00
1.148906250000000107e+01 7.113021643642666092e+00
1.150312500000000071e+01 7.091574489964926897e+00
1.151718750000000036e+01 7.070481366052561611e+00
1.153125000000000000e+01 7.049741368496482252e+00
1.154531249999999964e+01 7.029349707258579549e+00
1.155937500000000107e+01 7.009297328279903816e+00
1.157343750000000071e+01 6.989571019649296169e+00
1.158750000000000036e+01 6.970154027623054915e+00
1.160156250000000000e+01 6.951027109932729431e+00
1.161562499999999964e+01 6.932169848367304432e+00
1.162968750000000107e+01 6.913561966716371465e+00
1.164375000000000071e+01 6.895184384577810022e+00
1.165781250000000036e+01 6.877019794613905113e+00
1.167187500000000000e+01 6.859052669197104990e+00
1.168593749999999964e+01 6.841268750031519019e+00
1.170000000000000107e+01 6.823654208769139196e+00
1.171406250000000071e+01 6.806194748938733774e+00
1.172812500000000036e+01 6.788874927800053527e+00
1.174218750000000000e+01 6.771677913517691216e+00
1.175624999999999964e+01 6.754585782526920212e+00
1.177031250000000107e+01 6.737580338464836061e+00
1.178437500000000071e+01 6.720644327637996795e+00
1.179843750000000036e+01 6.703762853229169316e+00
1.181250000000000000e+01 6.686924754383010594e+00
1.182656249999999964e+01 6.670123713762796669e+00
1.184062500000000107e+01 6.653358886176709674e+00
1.185468750000000071e+01 6.636634902353286236e+00
1.186875000000000036e+01 6.619961194653702918e+00
1.188281250000000000e+01 6.603350705042473123e+00
1.189687499999999964e+01 6.586818147989108141e+00
1.191093750000000107e+01 6.570378083812965286e+00
1.192500000000000071e+01 6.554043087420945213e+00
1.193906250000000036e+01 6.537822264251612836e+00
1.195312500000000000e+01 6.521720279374708440e+00
1.196718749999999964e+01 6.505736952418573082e+00
1.198125000000000107e+01 6.489867361941279889e+00
1.199531250000000071e+01 6.474102325519949908e+00
1.200937500000000036e+01 6.458429091718580040e+00
1.202343750000000000e+01 6.442832097513262468e+00
1.203749999999999964e+01 6.427293696354584362e+00
1.205156250000000107e+01 6.411794826059751706e+00
1.206562500000000071e+01 6.396315639177148960e+00
1.207968750000000036e+01 6.380836144340114480e+00
1.209375000000000000e+01 6.365336899421211392e+00
1.210781249999999964e+01 6.349799762360579081e+00
1.212187500000000107e+01 6.334208659198517388e+00
1.213593750000000071e+01 6.318550290291041094e+00
1.215000000000000036e+01 6.302814680392167190e+00
1.216406250000000000e+01 6.286995492573881350e+00
1.217812499999999964e+01 6.271090065311057060e+00
1.219218750000000107e+01 6.255099183582940370e+00
1.220625000000000071e+01 6.239026642551086965e+00
1.222031250000000036e+01 6.222878692988725646e+00
1.223437500000000000e+01 6.206663464574274869e+00
1.224843749999999964e+01 6.190390447518734796e+00
1.226250000000000107e+01 6.174070081804042154e+00
1.227656250000000071e+01 6.157713466358160304e+00
1.229062500000000036e+01 6.141332167223998439e+00
1.230468750000000000e+01 6.124938081187119465e+00
1.231874999999999964e+01 6.108543303045046891e+00
1.233281250000000107e+01 6.092159950943109692e+00
1.234687500000000071e+01 6.075799922184085489e+00
1.236093750000000036e+01 6.059474576596336703e+00
1.237500000000000000e+01 6.043194369673434707e+00
1.238906249999999964e+01 6.026968477189127427e+00
1.240312500000000107e+01 6.010804462339771170e+00
1.241718750000000071e+01 5.994708033866492869e+00
1.243125000000000036e+01 5.978682930368400150e+00
1.244531250000000000e+01 5.962730946051586045e+00
1.245937499999999964e+01 5.946852091665744133e+00
1.247343750000000107e+01 5.931044866141493621e+00
1.248750000000000071e+01 5.915306602396491087e+00
1.250156250000000036e+01 5.899633845480920513e+00
1.251562500000000000e+01 5.884022721393011857e+00
1.252968749999999964e+01 5.868469258647880160e+00
1.254375000000000107e+01 5.852969630831054815e+00
1.255781250000000071e+01 5.837520296872510173e+00
1.257187500000000036e+01 5.822118027267649154e+00
1.258593750000000000e+01 5.806759819165379533e+00
1.259999999999999964e+01 5.791442720014634560e+00
1.261406250000000107e+01 5.776163595662878514e+00
1.262812500000000071e+01 5.760918890951710836e+00
1.264218750000000036e+01 5.745704435813374644e+00
1.265625000000000000e+01 5.730515345915490499e+00
1.267031249999999964e+01 5.715346054271693177e+00
1.268437500000000107e+01 5.700190491007795401e+00
1.269843750000000071e+01 5.685042405896950868e+00
1.271250000000000036e+01 5.669895805892836371e+00
1.272656250000000000e+01 5.654745460728268114e+00
1.274062499999999964e+01 5.639587415769726775e+00
1.275468750000000107e+01 5.624419443828211129e+00
1.276875000000000071e+01 5.609241367108454668e+00
1.278281250000000036e+01 5.594055187624395131e+00
1.279687500000000000e+01 5.578864980393437811e+00
1.281093749999999964e+01 5.563676529871175447e+00
1.282500000000000107e+01 5.548496726652510702e+00
1.283906250000000071e+01 5.533332785852312696e+00
1.285312500000000036e+01 5.518191393964880120e+00
1.286718750000000000e+01 5.503077926464827740e+00
1.288124999999999964e+01 5.487995891286471917e+00
1.289531250000000107e+01 5.472946733437359157e+00
1.290937500000000071e+01 5.457930080352594082e+00
1.292343750000000036e+01 5.442944423343216265e+00
1.293750000000000000e+01 5.427988134716248858e+00
1.295156249999999964e+01 5.413060635951133293e+00
1.296562500000000107e+01 5.398163482445310635e+00
1.297968750000000071e+01 5.383301130424128722e+00
1.299375000000000036e+01 5.368481205310923876e+00
1.300781250000000000e+01 5.353714188341541558e+00
1.302187499999999964e+01 5.339012558307081768e+00
1.303593750000000107e+01 5.324389540615097616e+00
1.305000000000000071e+01 5.309857699455914570e+00
1.306406250000000036e+01 5.295427640967772298e+00
1.307812500000000000e+01 5.281107068253947823e+00
1.309218749999999964e+01 5.266900349433278450e+00
1.310625000000000107e+01 5.252808646801824466e+00
1.312031250000000071e+01 5.238830535733858262e+00
1.313437500000000036e+01 5.224962944194290415e+00
1.314843750000000000e+01 5.211202189437313947e+00
1.316249999999999964e+01 5.197544887636480482e+00
1.317656250000000107e+01 5.183988560948556312e+00
1.319062500000000071e+01 5.170531848913844541e+00
1.320468750000000036e+01 5.157174324299861112e+00
1.321875000000000000e+01 5.143915994565116279e+00
1.323281249999999964e+01 5.130756622231816166e+00
1.324687500000000107e+01 5.117695013607455934e+00
1.326093750000000071e+01 5.104728408565202713e+00
1.327500000000000036e+01 5.091852064845339143e+00
1.328906250000000000e+01 5.079059081804772724e+00
1.330312499999999964e+01 5.066340462598858174e+00
1.331718750000000107e+01 5.053685378339715761e+00
1.333125000000000071e+01 5.041081576196198455e+00
1.334531250000000036e+01 5.028515865447047872e+00
1.335937500000000000e+01 5.015974618860317591e+00
1.337343749999999964e+01 5.003444238297419133e+00
1.338750000000000107e+01 4.990911549768897615e+00
1.340156250000000071e+01 4.978364110957370414e+00
1.341562500000000036e+01 4.965790430359989571e+00
1.342968750000000000e+01 4.953180109223880301e+00
1.344374999999999964e+01 4.940523924043460191e+00
1.345781250000000107e+01 4.927813868680299692e+00
1.347187500000000071e+01 4.915043172518954506e+00
1.348593750000000036e+01 4.902206306457710383e+00
1.350000000000000000e+01 4.889298983745123728e+00
1.351406249999999964e+01 4.876318158759670673e+00
1.352812500000000107e+01 4.863262023973950576e+00
1.354218750000000071e+01 4.850130003163160453e+00
1.355625000000000036e+01 4.836922736946752011e+00
1.357031250000000000e+01 4.823642054844157201e+00
1.358437499999999964e+01 4.810290926479451556e+00
1.359843750000000107e+01 4.796873383991862028e+00
1.361250000000000071e+01 4.783394408718367963e+00
1.362656250000000036e+01 4.769859778145636220e+00
1.364062500000000000e+01 4.756275873837807922e+00
1.365468749999999964e+01 4.742649456870394076e+00
1.366875000000000107e+01 4.728987423161144399e+00
1.368281250000000071e+01 4.715296555726314232e+00
1.369687500000000036e+01 4.701583293179908196e+00
1.371093750000000000e+01 4.687853533070390988e+00
1.372499999999999964e+01 4.674112484949374036e+00
1.373906250000000107e+01 4.660364582165051672e+00
1.375312500000000071e+01 4.646613454579779479e+00
1.376718750000000036e+01 4.632861958162782123e+00
1.378125000000000000e+01 4.619112252801231833e+00
1.379531249999999964e+01 4.605365917120007424e+00
1.380937500000000107e+01 4.591624088270018333e+00
1.382343750000000071e+01 4.577887614702408570e+00
1.383750000000000036e+01 4.564157210008683130e+00
1.385156250000000000e+01 4.550433595510169127e+00
1.386562499999999964e+01 4.536717618646639139e+00
1.387968750000000107e+01 4.523010334195925353e+00
1.389375000000000071e+01 4.509313037059889950e+00
1.390781250000000036e+01 4.495627239589911284e+00
1.392187500000000000e+01 4.481954593226740613e+00
1.393593749999999964e+01 4.468296762628283680e+00
1.395000000000000107e+01 4.454655268667170098e+00
1.396406250000000071e+01 4.441031322615222265e+00
1.397812500000000036e+01 4.427425675806950345e+00
1.399218750000000000e+01 4.413838506397143924e+00
1.400624999999999964e+01 4.400269358085052929e+00
1.402031250000000107e+01 4.386717136590093880e+00
1.403437500000000071e+01 4.373180160562126773e+00
1.404843750000000036e+01 4.359656256712930222e+00
1.406250000000000000e+01 4.346142885699675773e+00
1.407656249999999964e+01 4.332637285921804526e+00
1.409062500000000107e+01 4.319136625949114183e+00
1.410468750000000071e+01 4.305638160975550299e+00
1.411875000000000036e+01 4.292139392447755775e+00
1.413281250000000000e+01 4.278638231228576672e+00
1.414687499999999964e+01 4.265133162630377228e+00
1.416093750000000107e+01 4.251623406839097896e+00
1.417500000000000071e+01 4.238109062107723091e+00
1.418906250000000036e+01 4.224591212678062035e+00
1.420312500000000000e+01 4.211071980749079735e+00
1.421718749999999964e+01 4.197554503425083183e+00
1.423125000000000107e+01 4.184042821915252119e+00
1.424531250000000071e+01 4.170541680609249013e+00
1.425937500000000036e+01 4.157056246271210398e+00
1.427343750000000000e+01 4.143591770075339298e+00
1.428749999999999964e+01 4.130153225046843346e+00
1.430156250000000107e+01 4.116744956634819985e+00
1.431562500000000071e+01 4.103370383510887009e+00
1.432968750000000036e+01 4.090031779297714110e+00
1.434375000000000000e+01 4.076730154953546403e+00
1.435781249999999964e+01 4.063465247997219976e+00
1.437187500000000107e+01 4.050235611085268417e+00
1.438593750000000071e+01 4.037038780971652585e+00
1.440000000000000036e+01 4.023871501341609758e+00
1.441406250000000000e+01 4.010729970278321233e+00
1.442812499999999964e+01 3.997610085074559727e+00
1.444218750000000107e+01 3.984507662759178004e+00
1.445625000000000071e+01 3.971418622523986919e+00
1.447031250000000036e+01 3.958339124488039928e+00
1.448437500000000000e+01 3.945265666403680260e+00
1.449843749999999964e+01 3.932195144955307420e+00
1.451250000000000107e+01 3.919124890804916106e+00
1.452656250000000071e+01 3.906052686662858875e+00
1.454062500000000036e+01 3.892976776008695072e+00
1.455468750000000000e+01 3.879895867475138260e+00
1.456874999999999964e+01 3.866809137154862075e+00
1.458281250000000107e+01 3.853716228835170732e+00
1.459687500000000071e+01 3.840617250773978419e+00
1.461093750000000036e+01 3.827512767176120434e+00
1.462500000000000000e+01 3.814403782849661084e+00
1.463906249999999964e+01 3.801291720317389711e+00
1.465312500000000107e+01 3.788178389600568075e+00
1.466718750000000071e+01 3.775065951713638235e+00
1.468125000000000036e+01 3.761956877454675663e+00
1.469531250000000000e+01 3.748853903304815383e+00
1.470937499999999964e+01 3.735759986197024762e+00
1.472343750000000107e+01 3.722678258645743199e+00
1.473750000000000071e+01 3.709611985300413473e+00
1.475156250000000036e+01 3.696564521436126238e+00
1.476562500000000000e+01 3.683539273263918723e+00
1.477968749999999964e+01 3.670539659309286051e+00
1.479375000000000107e+01 3.657569071607607025e+00
1.480781250000000071e+01 3.644630835286887027e+00
1.482187500000000036e+01 3.631728165437447586e+00
1.483593750000000000e+01 3.618864121111412313e+00
1.484999999999999964e+01 3.606041557803155495e+00
1.486406250000000107e+01 3.593263081593125463e+00
1.487812500000000071e+01 3.580531009879182491e+00
1.489218750000000036e+01 3.567847344775759932e+00
1.490625000000000000e+01 3.555213765380188740e+00
1.492031249999999964e+01 3.542631643912222739e+00
1.493437500000000107e+01 3.530102088222902612e+00
1.494843750000000071e+01 3.517626009638817219e+00
1.496250000000000036e+01 3.505204211109766099e+00
1.497656250000000000e+01 3.492837486863851648e+00
1.499062499999999964e+01 3.480526721955724767e+00
1.500468750000000107e+01 3.468272978800885031e+00
1.501875000000000071e+01 3.456077558357142365e+00
1.503281250000000036e+01 3.443942026071800999e+00
1.504687500000000000e+01 3.431868196775272217e+00
1.506093749999999964e+01 3.419858077820544739e+00
1.507500000000000107e+01 3.407913775222171981e+00
1.508906250000000071e+01 3.396037372557681344e+00
1.510312500000000036e+01 3.384230796235667249e+00
1.511718750000000000e+01 3.372495682846138543e+00
1.513124999999999964e+01 3.360833264366237749e+00
1.514531250000000107e+01 3.349244284959170592e+00
1.515937500000000071e+01 3.337728959231701875e+00
1.517343750000000036e+01 3.326286976630970393e+00
1.518750000000000000e+01 3.314917550894586284e+00
1.520156249999999964e+01 3.303619507954928203e+00
1.521562500000000107e+01 3.292391401254073369e+00
1.522968750000000071e+01 3.281231640706127273e+00
1.524375000000000036e+01 3.270138620924495143e+00
1.525781250000000000e+01 3.259110835828955111e+00
1.527187499999999964e+01 3.248146970006120071e+00
1.528593750000000107e+01 3.237245961555828000e+00
1.530000000000000071e+01 3.226407035779434551e+00
1.531406250000000036e+01 3.215629713114740884e+00
1.532812500000000000e+01 3.204913797523849084e+00
1.534218749999999964e+01 3.194259352718198386e+00
1.535625000000000107e+01 3.183666673138886516e+00
1.537031250000000071e+01 3.173136254813996970e+00
1.538437500000000036e+01 3.162668768643287720e+00
1.539843750000000000e+01 3.152265035973088825e+00
1.541249999999999964e+01 3.141926004134186545e+00
1.542656250000000107e+01 3.131652718366982668e+00
1.544062500000000071e+01 3.121446286450560326e+00
1.545468750000000036e+01 3.111307833325200445e+00
1.546875000000000000e+01 3.101238444773624536e+00
1.548281249999999964e+01 3.091239101392365463e+00
1.549687500000000107e+01 3.081310606193901069e+00
1.551093750000000071e+01 3.071453510843775270e+00
1.552500000000000036e+01 3.061668046491330841e+00
1.553906250000000000e+01 3.051954065289977258e+00
1.555312499999999964e+01 3.042310998063999961e+00
1.556718750000000107e+01 3.032737832317916382e+00
1.558125000000000071e+01 3.023233113118859894e+00
1.559531250000000036e+01 3.013794967542875902e+00
1.560937500000000000e+01 3.004421151567406412e+00
1.562343749999999964e+01 2.995109116673294380e+00
1.563750000000000107e+01 2.985856092098204684e+00
1.565156250000000071e+01 2.976659177724485517e+00
1.566562500000000036e+01 2.967515442021666061e+00
1.567968750000000000e+01 2.958422019308714734e+00
1.569374999999999964e+01 2.949376200847519947e+00
1.570781250000000107e+01 2.940375514900441800e+00
1.572187500000000071e+01 2.931417791831216757e+00
1.573593750000000036e+01 2.922501211523594655e+00
1.575000000000000000e+01 2.913624331735870321e+00
1.576406249999999964e+01 2.904786097386780952e+00
1.577812500000000107e+01 2.895985832061511278e+00
1.579218750000000071e+01 2.887223214129762905e+00
1.580625000000000036e+01 2.878498240698959876e+00
1.582031250000000000e+01 2.869811183133145871e+00
1.583437499999999964e+01 2.861162538033925173e+00
1.584843750000000107e+01 2.852552977416152213e+00
1.586250000000000071e+01 2.843983301356056259e+00
1.587656250000000036e+01 2.835454395701068275e+00
1.589062500000000000e+01 2.826967196581358976e+00
1.590468749999999964e+01 2.818522662535431600e+00
1.591875000000000107e+01 2.810121754143346529e+00
1.593281250000000071e+01 2.801765420237640303e+00
1.594687500000000036e+01 2.793454589112060127e+00
1.596093750000000000e+01 2.785190162734013430e+00
1.597499999999999964e+01 2.776973011826052939e+00
1.598906250000000107e+01 2.768803969822217326e+00
1.600312500000000071e+01 2.760683824100686135e+00
1.601718750000000213e+01 2.752613303487122298e+00
1.603125000000000000e+01 2.744593061730728145e+00
1.604531250000000142e+01 2.736623657380948149e+00
1.605937499999999929e+01 2.728705531141574880e+00
1.607343750000000071e+01 2.720838982270319839e+00
1.608750000000000213e+01 2.713024145873082382e+00
1.610156250000000000e+01 2.705260972994729229e+00
1.611562500000000142e+01 2.697549215248452370e+00
1.612968749999999929e+01 2.689888415398447030e+00
1.614375000000000071e+01 2.682277904877371277e+00
1.615781250000000213e+01 2.674716808746678609e+00
1.617187500000000000e+01 2.667204058151322776e+00
1.618593750000000142e+01 2.659738409920755053e+00
1.619999999999999929e+01 2.652318472644600078e+00
1.621406250000000071e+01 2.644942738304027152e+00
1.622812500000000213e+01 2.637609618354542995e+00
1.624218750000000000e+01 2.630317483012867719e+00
1.625625000000000142e+01 2.623064702381061597e+00
1.627031249999999929e+01 2.615849687934901802e+00
1.628437500000000071e+01 2.608670932811824272e+00
1.629843750000000213e+01 2.601527049269885872e+00
1.631250000000000000e+01 2.594416801675856643e+00
1.632656250000000142e+01 2.587339133444334305e+00
1.634062499999999929e+01 2.580293186514722947e+00
1.635468750000000071e+01 2.573278312233643561e+00
1.636875000000000213e+01 2.566294072907022716e+00
1.638281250000000000e+01 2.559340233781431273e+00
1.639687500000000142e+01 2.552416745774312989e+00
1.641093749999999929e+01 2.545523719849788868e+00
1.642500000000000071e+01 2.538661394475583144e+00
1.643906250000000213e+01 2.531830098041338850e+00
1.645312500000000000e+01 2.525030208420357525e+00
1.646718750000000142e+01 2.518262111980705598e+00
1.648124999999999929e+01 2.511526164282070539e+00
1.649531250000000071e+01 2.504822654438691121e+00
1.650937500000000213e+01 2.498151774715494433e+00
1.652343750000000000e+01 2.491513596403285735e+00
1.653750000000000142e+01 2.484908052451015870e+00
1.655156249999999929e+01 2.478334926784497405e+00
1.656562500000000071e+01 2.471793849770773654e+00
1.657968750000000213e+01 2.465284298940104701e+00
1.659375000000000000e+01 2.458805603876692558e+00
1.660781250000000142e+01 2.452356954135745504e+00
1.662187499999999929e+01 2.445937409119645523e+00
1.663593750000000071e+01 2.439545909017391878e+00
1.665000000000000213e+01 2.433181286140689181e+00
1.666406250000000000e+01 2.426842276239387530e+00
1.667812500000000142e+01 2.420527529616417262e+00
1.669218749999999929e+01 2.414235622064077269e+00
1.670625000000000071e+01 2.407965065793998161e+00
1.672031250000000213e+01 2.401714320624103394e+00
1.673437500000000000e+01 2.395481805715220958e+00
1.674843750000000142e+01 2.389265912120344559e+00
1.676249999999999929e+01 2.383065016327883257e+00
1.677656250000000071e+01 2.376877494857756457e+00
1.679062500000000213e+01 2.370701739820603393e+00
1.680468750000000000e+01 2.364536175193706846e+00
1.681875000000000142e+01 2.358379273421942646e+00
1.683281249999999929e+01 2.352229571837489708e+00
1.684687500000000071e+01 2.346085688324632379e+00
1.686093750000000213e+01 2.339946335646406084e+00
1.687500000000000000e+01 2.333810333900984801e+00
1.688906250000000142e+01 2.327676620680913189e+00
1.690312499999999929e+01 2.321544258651926818e+00
1.691718750000000071e+01 2.315412440427958352e+00
1.693125000000000213e+01 2.309280490770182048e+00
1.694531250000000000e+01 2.303147866258565823e+00
1.695937500000000142e+01 2.297014152659864195e+00
1.697343749999999929e+01 2.290879060242851040e+00
1.698750000000000071e+01 2.284742417277964677e+00
1.700156250000000213e+01 2.278604161922097582e+00
1.701562500000000000e+01 2.272464332652265995e+00
1.702968750000000142e+01 2.266323057395420726e+00
1.704374999999999929e+01 2.260180541519630992e+00
1.705781250000000071e+01 2.254037054907287896e+00
1.707187500000000213e+01 2.247892918414860830e+00
1.708593750000000000e+01 2.241748490117189352e+00
1.710000000000000142e+01 2.235604151813484819e+00
1.711406249999999929e+01 2.229460296314392576e+00
1.712812500000000071e+01 2.223317316019250978e+00
1.714218750000000213e+01 2.217175593225761077e+00
1.715625000000000000e+01 2.211035492498960586e+00
1.717031250000000142e+01 2.204897355280965421e+00
1.718437499999999929e+01 2.198761496771073354e+00
1.719843750000000071e+01 2.192628204970396233e+00
1.721250000000000213e+01 2.186497741682568385e+00
1.722656250000000000e+01 2.180370345199128757e+00
1.724062500000000142e+01 2.174246234371389530e+00
1.725468749999999929e+01 2.168125613769327664e+00
1.726875000000000071e+01 2.162008679638224962e+00
1.728281250000000213e+01 2.155895626373659280e+00
1.729687500000000000e+01 2.149786653238169087e+00
1.731093750000000142e+01 2.143681971038642331e+00
1.732499999999999929e+01 2.137581808477601708e+00
1.733906250000000071e+01 2.131486417892262342e+00
1.735312500000000213e+01 2.125396080109796415e+00
1.736718750000000000e+01 2.119311108179590786e+00
1.738125000000000142e+01 2.113231849792948758e+00
1.739531249999999929e+01 2.107158688263357949e+00
1.740937500000000071e+01 2.101092042010126004e+00
1.742343750000000213e+01 2.095032362559208217e+00
1.743750000000000000e+01 2.088980131143723717e+00
1.745156250000000142e+01 2.082935854051636060e+00
1.746562499999999929e+01 2.076900056929296579e+00
1.747968750000000071e+01 2.070873278306667675e+00
1.749375000000000213e+01 2.064856062660586744e+00
1.750781250000000000e+01 2.058848953371113844e+00
1.752187500000000142e+01 2.052852485945062977e+00
1.753593749999999929e+01 2.046867181872078056e+00
1.755000000000000071e+01 2.040893543435864821e+00
1.756406250000000213e+01 2.034932049725137304e+00
1.757812500000000000e+01 2.028983153980481013e+00
1.759218750000000142e+01 2.023047282286181137e+00
1.760624999999999929e+01 2.017124833486358959e+00
1.762031250000000071e+01 2.011216180090197980e+00
1.763437500000000213e+01 2.005321669847573318e+00
1.764843750000000000e+01 1.999441627634441998e+00
1.766250000000000142e+01 1.993576357290727685e+00
1.767656249999999929e+01 1.987726143098768272e+00
1.769062500000000071e+01 1.981891250668881277e+00
1.770468750000000213e+01 1.976071927098381309e+00
1.771875000000000000e+01 1.970268400378976770e+00
1.773281250000000142e+01 1.964480878133614272e+00
1.774687499999999929e+01 1.958709545858372314e+00
1.776093750000000071e+01 1.952954564920741820e+00
1.777500000000000213e+01 1.947216070616890615e+00
1.778906250000000000e+01 1.941494170612785730e+00
1.780312500000000142e+01 1.935788944084113616e+00
1.781718749999999929e+01 1.930100441826571034e+00
1.783125000000000071e+01 1.924428687533211502e+00
1.784531250000000213e+01 1.918773680334815435e+00
1.785937500000000000e+01 1.913135398582521240e+00
1.787343750000000142e+01 1.907513804732138496e+00
1.788749999999999929e+01 1.901908851081197449e+00
1.790156250000000071e+01 1.896320486026614738e+00
1.791562500000000213e+01 1.890748660463743569e+00
1.792968750000000000e+01 1.885193333942642546e+00
1.794375000000000142e+01 1.879654480235056768e+00
1.795781249999999929e+01 1.874132092040570408e+00
1.797187500000000071e+01 1.868626184662263601e+00
1.798593750000000213e+01 1.863136798597147870e+00
1.800000000000000000e+01 1.857664001098918938e+00
1.801406250000000142e+01 1.852207886864934094e+00
1.802812499999999929e+01 1.846768578062917054e+00
1.804218750000000071e+01 1.841346223937467608e+00
1.805625000000000213e+01 1.835941000219567965e+00
1.807031250000000000e+01 1.830553108508300664e+00
1.808437500000000142e+01 1.825182775713539485e+00
1.809843749999999929e+01 1.819830253557042976e+00
1.811250000000000071e+01 1.814495818045008146e+00
1.812656250000000213e+01 1.809179768764766383e+00
1.814062500000000000e+01 1.803882427834867741e+00
1.815468750000000142e+01 1.798604138357377646e+00
1.816874999999999929e+01 1.793345262281709207e+00
1.818281250000000071e+01 1.788106177680538256e+00
1.819687500000000213e+01 1.782887275543711958e+00
1.821093750000000000e+01 1.777688956295768286e+00
1.822500000000000142e+01 1.772511626317356370e+00
1.823906249999999929e+01 1.767355694785321951e+00
1.825312500000000071e+01 1.762221571132343456e+00
1.826718750000000213e+01 1.757109663365266750e+00
1.828125000000000000e+01 1.752020377380541838e+00
1.829531250000000142e+01 1.746954117291096509e+00
1.830937499999999929e+01 1.741911286650970503e+00
1.832343750000000071e+01 1.736892290351591317e+00
1.833750000000000213e+01 1.731897536882885280e+00
1.835156250000000000e+01 1.726927440613487574e+00
1.836562500000000142e+01 1.721982423749609747e+00
1.837968749999999929e+01 1.717062917676718037e+00
1.839375000000000071e+01 1.712169363461439886e+00
1.840781250000000213e+01 1.707302211379307266e+00
1.842187500000000000e+01 1.702461919423382763e+00
1.843593750000000142e+01 1.697648950828392067e+00
1.844999999999999929e+01 1.692863770707832893e+00
1.846406250000000071e+01 1.688106841945429260e+00
1.847812500000000213e+01 1.683378620508653611e+00
1.849218750000000000e+01 1.678679550364525541e+00
1.850625000000000142e+01 1.674010058180492422e+00
1.852031249999999929e+01 1.669370547989210696e+00
1.853437500000000071e+01 1.664761395987343073e+00
1.854843750000000213e+01 1.660182945625908069e+00
1.856250000000000000e+01 1.655635503133719766e+00
1.857656250000000142e+01 1.651119333596620775e+00
1.859062499999999929e+01 1.646634657694740822e+00
1.860468750000000071e+01 1.642181649179282221e+00
1.861875000000000213e+01 1.637760433150427630e+00
1.863281250000000000e+01 1.633371085178996207e+00
1.864687500000000142e+01 1.629013631295373576e+00
1.866093749999999929e+01 1.624688048848078603e+00
1.867500000000000071e+01 1.620394268209188748e+00
1.868906250000000213e+01 1.616132175273933491e+00
1.870312500000000000e+01 1.611901614668278526e+00
1.871718750000000142e+01 1.607702393544566677e+00
1.873124999999999929e+01 1.603534285816249572e+00
1.874531250000000071e+01 1.599397036663501082e+00
1.875937500000000213e+01 1.595290367135933751e+00
1.877343750000000000e+01 1.591213978687905595e+00
1.878750000000000142e+01 1.587167557504106430e+00
1.880156249999999929e+01 1.583150778503775058e+00
1.881562500000000071e+01 1.579163308945236377e+00
1.882968750000000213e+01 1.575204811583316378e+00
1.884375000000000000e+01 1.571274947357319540e+00
1.885781250000000142e+01 1.567373377606214202e+00
1.887187499999999929e+01 1.563499765822442988e+00
1.888593750000000071e+01 1.559653778969436466e+00
1.890000000000000213e+01 1.555835088403290545e+00
1.891406250000000000e+01 1.552043370456881011e+00
1.892812500000000142e+01 1.548278306763291035e+00
1.894218749999999929e+01 1.544539584410906663e+00
1.895625000000000071e+01 1.540826896030153215e+00
1.897031250000000213e+01 1.537139939907771424e+00
1.898437500000000000e+01 1.533478420207361914e+00
1.899843750000000142e+01 1.529842047346471556e+00
1.901249999999999929e+01 1.526230538545533921e+00
1.902656250000000071e+01 1.522643618528885412e+00
1.904062500000000213e+01 1.519081020329302589e+00
1.905468750000000000e+01 1.515542486129419775e+00
1.906875000000000142e+01 1.512027768067764288e+00
1.908281249999999929e+01 1.508536628942526825e+00
1.909687500000000071e+01 1.505068842758980896e+00
1.911093750000000213e+01 1.501624195082260194e+00
1.912500000000000000e+01 1.498202483172128341e+00
1.913906250000000142e+01 1.494803515888257550e+00
1.915312499999999929e+01 1.491427113363165802e+00
1.916718750000000071e+01 1.488073106446590632e+00
1.918125000000000213e+01 1.484741335931627493e+00
1.919531250000000000e+01 1.481431651580752185e+00
1.920937500000000142e+01 1.478143910979088815e+00
1.922343749999999929e+01 1.474877978251690980e+00
1.923750000000000071e+01 1.471633722689091428e+00
1.925156250000000213e+01 1.468411017328702384e+00
1.926562500000000000e+01 1.465209737537676027e+00
1.927968750000000142e+01 1.462029759635881554e+00
1.929374999999999929e+01 1.458870959587833305e+00
1.930781250000000071e+01 1.455733211782921810e+00
1.932187500000000213e+01 1.452616387917488261e+00
1.933593750000000000e+01 1.449520355992557352e+00
1.935000000000000142e+01 1.446444979447913282e+00
1.936406249999999929e+01 1.443390116465011808e+00
1.937812500000000071e+01 1.440355619484498195e+00
1.939218750000000213e+01 1.437341334994332254e+00
1.940625000000000000e+01 1.434347103647400257e+00
1.942031250000000142e+01 1.431372760759989760e+00
1.943437499999999929e+01 1.428418137223692375e+00
1.944843750000000071e+01 1.425483060834611404e+00
1.946250000000000213e+01 1.422567358008709038e+00
1.947656250000000000e+01 1.419670855815601485e+00
1.949062500000000142e+01 1.416793384230450759e+00
1.950468749999999929e+01 1.413934778479395415e+00
1.951875000000000071e+01 1.411094881341599550e+00
1.953281250000000213e+01 1.408273545271784055e+00
1.954687500000000000e+01 1.405470634220535420e+00
1.956093750000000142e+01 1.402686025053403007e+00
1.957499999999999929e+01 1.399919608500426182e+00
1.958906250000000071e+01 1.397171289601203625e+00
1.960312500000000213e+01 1.394440987643219554e+00
1.961718750000000000e+01 1.391728635619672083e+00
1.963125000000000142e+01 1.389034179255490109e+00
1.964531249999999929e+01 1.386357575665632336e+00
1.965937500000000071e+01 1.383698791718260823e+00
1.967343750000000213e+01 1.381057802177927396e+00
1.968750000000000000e+01 1.378434587701881320e+00
1.970156250000000142e+01 1.375829132757516060e+00
1.971562499999999929e+01 1.373241423522188143e+00
1.972968750000000071e+01 1.370671445819156231e+00
1.974375000000000213e+01 1.368119183135859895e+00
1.975781250000000000e+01 1.365584614763403870e+00
1.977187500000000142e+01 1.363067714089025273e+00
1.978593749999999929e+01 1.360568447066360154e+00
1.980000000000000071e+01 1.358086770881496541e+00
1.981406250000000213e+01 1.355622632826092744e+00
1.982812500000000000e+01 1.353175969382444777e+00
1.984218750000000142e+01 1.350746705519554780e+00
1.985624999999999929e+01 1.348334754194259411e+00
1.987031250000000071e+01 1.345940016047576293e+00
1.988437500000000213e+01 1.343562379283805619e+00
1.989843750000000000e+01 1.341201719718583263e+00
1.991250000000000142e+01 1.338857900981943683e+00
1.992656249999999929e+01 1.336530774863307958e+00
1.994062500000000071e+01 1.334220181786810233e+00
1.995468750000000213e+01 1.331925951407095132e+00
1.996875000000000000e+01 1.329647903317220159e+00
1.998281250000000142e+01 1.327385847860956591e+00
1.999687499999999929e+01 1.325139587041145095e+00
2.001093750000000071e+01 1.322908915513286932e+00
